event_id,appliance_name,original_start_time,original_end_time,scheduled_start_time,scheduled_end_time,schedule_status,duration(min),energy(W)
house1_event_31186,Tumble Dryer,2013-10-23 05:59:00,2013-10-23 06:34:00,2013-10-23 13:00:00,2013-10-23 13:35:00,SUCCESS,35.0,14573.54
house1_event_31190,Tumble Dryer,2013-10-24 10:11:00,2013-10-24 10:43:00,2013-10-24 13:00:00,2013-10-24 13:32:00,SUCCESS,32.0,3116.48
house1_event_31191,Tumble Dryer,2013-10-26 11:33:00,2013-10-26 12:09:00,2013-10-26 13:00:00,2013-10-26 13:36:00,SUCCESS,36.0,3070.78
house1_event_31192,Tumble Dryer,2013-10-27 10:06:00,2013-10-27 10:39:00,2013-10-27 13:00:00,2013-10-27 13:33:00,SUCCESS,33.0,2979.1
house1_event_31195,Tumble Dryer,2013-10-29 10:55:00,2013-10-29 11:12:00,2013-10-29 13:00:00,2013-10-29 13:17:00,SUCCESS,17.0,12159.26
house1_event_31200,Tumble Dryer,2013-11-02 06:37:00,2013-11-02 07:10:00,2013-11-02 13:00:00,2013-11-02 13:33:00,SUCCESS,33.0,16728.32
house1_event_31201,Tumble Dryer,2013-11-03 10:26:00,2013-11-03 10:59:00,2013-11-03 13:00:00,2013-11-03 13:33:00,SUCCESS,33.0,2374.19
house1_event_31203,Tumble Dryer,2013-11-07 06:24:00,2013-11-07 06:58:00,2013-11-07 13:00:00,2013-11-07 13:34:00,SUCCESS,34.0,19421.07
house1_event_31206,Tumble Dryer,2013-11-12 05:59:00,2013-11-12 06:31:00,2013-11-12 13:00:00,2013-11-12 13:32:00,SUCCESS,32.0,17336.26
house1_event_31208,Tumble Dryer,2013-11-13 11:55:00,2013-11-13 12:30:00,2013-11-13 13:00:00,2013-11-13 13:35:00,SUCCESS,35.0,8368.08
house1_event_31209,Tumble Dryer,2013-11-14 12:45:00,2013-11-14 13:19:00,2013-11-14 13:00:00,2013-11-14 13:34:00,SUCCESS,34.0,3266.92
house1_event_31210,Tumble Dryer,2013-11-15 09:58:00,2013-11-15 10:31:00,2013-11-15 13:00:00,2013-11-15 13:33:00,SUCCESS,33.0,2718.81
house1_event_31211,Tumble Dryer,2013-11-19 06:42:00,2013-11-19 07:15:00,2013-11-19 13:00:00,2013-11-19 13:33:00,SUCCESS,33.0,19918.7
house1_event_31213,Tumble Dryer,2013-11-22 10:13:00,2013-11-22 10:45:00,2013-11-22 13:00:00,2013-11-22 13:32:00,SUCCESS,32.0,6176.67
house1_event_31216,Tumble Dryer,2013-11-23 10:14:00,2013-11-23 10:47:00,2013-11-23 13:00:00,2013-11-23 13:33:00,SUCCESS,33.0,9939.7
house1_event_31218,Tumble Dryer,2013-11-25 06:00:00,2013-11-25 06:25:00,2013-11-25 13:00:00,2013-11-25 13:25:00,SUCCESS,25.0,861.14
house1_event_31219,Tumble Dryer,2013-11-26 06:23:00,2013-11-26 06:51:00,2013-11-26 13:00:00,2013-11-26 13:28:00,SUCCESS,28.0,4993.03
house1_event_31220,Tumble Dryer,2013-11-27 05:34:00,2013-11-27 06:07:00,2013-11-27 13:00:00,2013-11-27 13:33:00,SUCCESS,33.0,19698.16
house1_event_31224,Tumble Dryer,2013-12-03 12:13:00,2013-12-03 12:46:00,2013-12-03 13:00:00,2013-12-03 13:33:00,SUCCESS,33.0,10137.56
house1_event_31226,Tumble Dryer,2013-12-04 12:46:00,2013-12-04 13:18:00,2013-12-04 13:00:00,2013-12-04 13:32:00,SUCCESS,32.0,3552.76
house1_event_31230,Tumble Dryer,2013-12-06 12:08:00,2013-12-06 12:44:00,2013-12-06 13:00:00,2013-12-06 13:36:00,SUCCESS,36.0,16959.11
house1_event_31232,Tumble Dryer,2013-12-07 11:25:00,2013-12-07 11:39:00,2013-12-07 13:00:00,2013-12-07 13:14:00,SUCCESS,14.0,12470.59
house1_event_31234,Tumble Dryer,2013-12-11 05:34:00,2013-12-11 06:06:00,2013-12-11 13:00:00,2013-12-11 13:32:00,SUCCESS,32.0,19370.23
house1_event_31239,Tumble Dryer,2013-12-17 10:25:00,2013-12-17 10:59:00,2013-12-17 13:00:00,2013-12-17 13:34:00,SUCCESS,34.0,3237.66
house1_event_31247,Tumble Dryer,2013-12-19 11:41:00,2013-12-19 12:14:00,2013-12-19 13:00:00,2013-12-19 13:33:00,SUCCESS,33.0,3004.0
house1_event_31248,Tumble Dryer,2013-12-20 11:22:00,2013-12-20 11:56:00,2013-12-20 13:00:00,2013-12-20 13:34:00,SUCCESS,34.0,3420.9
house1_event_31253,Tumble Dryer,2013-12-26 10:55:00,2013-12-26 11:30:00,2013-12-26 13:00:00,2013-12-26 13:35:00,SUCCESS,35.0,21770.42
house1_event_31254,Tumble Dryer,2013-12-27 11:42:00,2013-12-27 12:23:00,2013-12-27 13:00:00,2013-12-27 13:41:00,SUCCESS,41.0,13274.38
house1_event_31260,Tumble Dryer,2013-12-29 12:13:00,2013-12-29 12:36:00,2013-12-29 13:00:00,2013-12-29 13:23:00,SUCCESS,23.0,2655.69
house1_event_31265,Tumble Dryer,2014-01-02 12:23:00,2014-01-02 12:57:00,2014-01-02 13:00:00,2014-01-02 13:34:00,SUCCESS,34.0,3079.67
house1_event_31269,Tumble Dryer,2014-01-07 11:49:00,2014-01-07 12:22:00,2014-01-07 13:00:00,2014-01-07 13:33:00,SUCCESS,33.0,3152.7
house1_event_31270,Tumble Dryer,2014-01-08 07:47:00,2014-01-08 08:20:00,2014-01-08 13:00:00,2014-01-08 13:33:00,SUCCESS,33.0,21515.53
house1_event_31273,Tumble Dryer,2014-01-12 11:45:00,2014-01-12 12:15:00,2014-01-12 13:00:00,2014-01-12 13:30:00,SUCCESS,30.0,14208.18
house1_event_31281,Tumble Dryer,2014-01-19 08:04:00,2014-01-19 08:15:00,2014-01-19 13:00:00,2014-01-19 13:11:00,SUCCESS,11.0,3178.74
house1_event_31284,Tumble Dryer,2014-01-20 12:38:00,2014-01-20 13:16:00,2014-01-20 13:00:00,2014-01-20 13:38:00,SUCCESS,38.0,3641.41
house1_event_31288,Tumble Dryer,2014-01-22 11:39:00,2014-01-22 12:06:00,2014-01-22 13:00:00,2014-01-22 13:27:00,SUCCESS,27.0,4802.24
house1_event_31296,Tumble Dryer,2014-03-21 10:05:00,2014-03-21 10:39:00,2014-03-21 13:00:00,2014-03-21 13:34:00,SUCCESS,34.0,20604.87
house1_event_31297,Tumble Dryer,2014-03-22 15:31:00,2014-03-22 16:04:00,2014-03-22 15:36:00,2014-03-22 16:09:00,SUCCESS,33.0,18575.35
house1_event_31298,Tumble Dryer,2014-03-24 12:41:00,2014-03-24 13:14:00,2014-03-24 13:00:00,2014-03-24 13:33:00,SUCCESS,33.0,18829.54
house1_event_31300,Tumble Dryer,2014-03-26 11:59:00,2014-03-26 12:34:00,2014-03-26 13:00:00,2014-03-26 13:35:00,SUCCESS,35.0,19904.09
house1_event_31301,Tumble Dryer,2014-03-28 10:50:00,2014-03-28 11:24:00,2014-03-28 13:00:00,2014-03-28 13:34:00,SUCCESS,34.0,20005.16
house1_event_31302,Tumble Dryer,2014-03-31 12:32:00,2014-03-31 13:05:00,2014-03-31 13:00:00,2014-03-31 13:33:00,SUCCESS,33.0,17274.94
house1_event_31303,Tumble Dryer,2014-04-01 10:52:00,2014-04-01 11:25:00,2014-04-01 13:00:00,2014-04-01 13:33:00,SUCCESS,33.0,17657.79
house1_event_31307,Tumble Dryer,2014-04-07 06:05:00,2014-04-07 06:43:00,2014-04-07 13:00:00,2014-04-07 13:38:00,SUCCESS,38.0,19200.98
house1_event_31308,Tumble Dryer,2014-04-08 09:29:00,2014-04-08 10:03:00,2014-04-08 13:00:00,2014-04-08 13:34:00,SUCCESS,34.0,16339.19
house1_event_31312,Tumble Dryer,2014-04-10 08:42:00,2014-04-10 09:15:00,2014-04-10 13:00:00,2014-04-10 13:33:00,SUCCESS,33.0,19882.67
house1_event_31314,Tumble Dryer,2014-04-11 09:08:00,2014-04-11 09:41:00,2014-04-11 13:00:00,2014-04-11 13:33:00,SUCCESS,33.0,16566.78
house1_event_31317,Tumble Dryer,2014-04-15 10:05:00,2014-04-15 10:39:00,2014-04-15 13:00:00,2014-04-15 13:34:00,SUCCESS,34.0,18027.41
house1_event_31318,Tumble Dryer,2014-04-16 09:19:00,2014-04-16 09:52:00,2014-04-16 13:00:00,2014-04-16 13:33:00,SUCCESS,33.0,18256.79
house1_event_31320,Tumble Dryer,2014-04-23 10:04:00,2014-04-23 10:36:00,2014-04-23 13:00:00,2014-04-23 13:32:00,SUCCESS,32.0,16443.0
house1_event_31322,Tumble Dryer,2014-04-24 11:10:00,2014-04-24 11:43:00,2014-04-24 13:00:00,2014-04-24 13:33:00,SUCCESS,33.0,15632.39
house1_event_31324,Tumble Dryer,2014-04-26 08:36:00,2014-04-26 09:09:00,2014-04-26 13:00:00,2014-04-26 13:33:00,SUCCESS,33.0,17070.62
house1_event_31325,Tumble Dryer,2014-04-28 08:47:00,2014-04-28 09:20:00,2014-04-28 13:00:00,2014-04-28 13:33:00,SUCCESS,33.0,15971.15
house1_event_31326,Tumble Dryer,2014-04-29 11:55:00,2014-04-29 12:30:00,2014-04-29 13:00:00,2014-04-29 13:35:00,SUCCESS,35.0,31657.98
house1_event_31328,Tumble Dryer,2014-04-30 15:48:00,2014-04-30 16:23:00,2014-04-30 15:53:00,2014-04-30 16:28:00,SUCCESS,35.0,15034.7
house1_event_31329,Tumble Dryer,2014-05-02 15:54:00,2014-05-02 16:29:00,2014-05-02 15:59:00,2014-05-02 16:34:00,SUCCESS,35.0,16009.14
house1_event_31330,Tumble Dryer,2014-05-04 08:40:00,2014-05-04 09:13:00,2014-05-04 13:00:00,2014-05-04 13:33:00,SUCCESS,33.0,16890.02
house1_event_31336,Tumble Dryer,2014-05-06 08:26:00,2014-05-06 08:59:00,2014-05-06 13:00:00,2014-05-06 13:33:00,SUCCESS,33.0,15650.88
house1_event_31337,Tumble Dryer,2014-05-21 09:11:00,2014-05-21 09:56:00,2014-05-21 13:00:00,2014-05-21 13:45:00,SUCCESS,45.0,24185.35
house1_event_31355,Tumble Dryer,2014-05-23 08:08:00,2014-05-23 09:10:00,2014-05-23 13:00:00,2014-05-23 14:02:00,SUCCESS,62.0,26116.14
house1_event_31359,Tumble Dryer,2014-05-25 10:02:00,2014-05-25 10:37:00,2014-05-25 13:00:00,2014-05-25 13:35:00,SUCCESS,35.0,14651.06
house1_event_31360,Tumble Dryer,2014-05-28 10:48:00,2014-05-28 11:27:00,2014-05-28 13:00:00,2014-05-28 13:39:00,SUCCESS,39.0,15793.81
house1_event_31362,Tumble Dryer,2014-05-29 08:07:00,2014-05-29 08:49:00,2014-05-29 13:00:00,2014-05-29 13:42:00,SUCCESS,42.0,14111.49
house1_event_31364,Tumble Dryer,2014-06-01 08:59:00,2014-06-01 09:31:00,2014-06-01 13:00:00,2014-06-01 13:32:00,SUCCESS,32.0,13390.8
house1_event_31366,Tumble Dryer,2014-06-08 11:50:00,2014-06-08 12:24:00,2014-06-08 13:00:00,2014-06-08 13:34:00,SUCCESS,34.0,12819.83
house1_event_31368,Tumble Dryer,2014-06-11 12:53:00,2014-06-11 13:28:00,2014-06-11 13:00:00,2014-06-11 13:35:00,SUCCESS,35.0,11751.99
house1_event_31371,Tumble Dryer,2014-06-12 08:06:00,2014-06-12 08:39:00,2014-06-12 13:00:00,2014-06-12 13:33:00,SUCCESS,33.0,12612.86
house1_event_31375,Tumble Dryer,2014-06-17 09:38:00,2014-06-17 10:10:00,2014-06-17 13:00:00,2014-06-17 13:32:00,SUCCESS,32.0,12035.13
house1_event_31377,Tumble Dryer,2014-06-18 10:13:00,2014-06-18 10:48:00,2014-06-18 13:00:00,2014-06-18 13:35:00,SUCCESS,35.0,13796.38
house1_event_31381,Tumble Dryer,2014-06-22 09:06:00,2014-06-22 09:38:00,2014-06-22 13:00:00,2014-06-22 13:32:00,SUCCESS,32.0,8688.61
house1_event_31385,Tumble Dryer,2014-06-25 10:19:00,2014-06-25 10:53:00,2014-06-25 13:00:00,2014-06-25 13:34:00,SUCCESS,34.0,10576.47
house1_event_31386,Tumble Dryer,2014-06-26 08:25:00,2014-06-26 08:58:00,2014-06-26 13:00:00,2014-06-26 13:33:00,SUCCESS,33.0,12357.69
house1_event_31388,Tumble Dryer,2014-06-27 06:36:00,2014-06-27 07:10:00,2014-06-27 13:00:00,2014-06-27 13:34:00,SUCCESS,34.0,11465.48
house1_event_31389,Tumble Dryer,2014-06-29 09:17:00,2014-06-29 09:50:00,2014-06-29 13:00:00,2014-06-29 13:33:00,SUCCESS,33.0,11900.58
house1_event_31391,Tumble Dryer,2014-07-01 09:02:00,2014-07-01 09:36:00,2014-07-01 13:00:00,2014-07-01 13:34:00,SUCCESS,34.0,11453.79
house1_event_31394,Tumble Dryer,2014-07-02 12:19:00,2014-07-02 12:57:00,2014-07-02 13:00:00,2014-07-02 13:38:00,SUCCESS,38.0,12578.99
house1_event_31396,Tumble Dryer,2014-07-06 08:53:00,2014-07-06 09:29:00,2014-07-06 13:00:00,2014-07-06 13:36:00,SUCCESS,36.0,11658.18
house1_event_31400,Tumble Dryer,2014-07-09 10:18:00,2014-07-09 10:52:00,2014-07-09 13:00:00,2014-07-09 13:34:00,SUCCESS,34.0,10731.88
house1_event_31401,Tumble Dryer,2014-07-10 08:27:00,2014-07-10 08:59:00,2014-07-10 13:00:00,2014-07-10 13:32:00,SUCCESS,32.0,10383.55
house1_event_31402,Tumble Dryer,2014-07-11 09:40:00,2014-07-11 10:13:00,2014-07-11 13:00:00,2014-07-11 13:33:00,SUCCESS,33.0,10730.76
house1_event_31403,Tumble Dryer,2014-07-12 08:14:00,2014-07-12 08:47:00,2014-07-12 13:00:00,2014-07-12 13:33:00,SUCCESS,33.0,10347.09
house1_event_31404,Tumble Dryer,2014-07-14 06:45:00,2014-07-14 07:19:00,2014-07-14 13:00:00,2014-07-14 13:34:00,SUCCESS,34.0,11095.68
house1_event_31405,Tumble Dryer,2014-07-16 09:35:00,2014-07-16 10:09:00,2014-07-16 13:00:00,2014-07-16 13:34:00,SUCCESS,34.0,10407.78
house1_event_31407,Tumble Dryer,2014-07-17 12:46:00,2014-07-17 13:24:00,2014-07-17 13:00:00,2014-07-17 13:38:00,SUCCESS,38.0,10405.61
house1_event_31409,Tumble Dryer,2014-07-18 08:49:00,2014-07-18 09:44:00,2014-07-18 13:00:00,2014-07-18 13:55:00,SUCCESS,55.0,5.67
house1_event_31410,Tumble Dryer,2014-07-21 08:53:00,2014-07-21 09:27:00,2014-07-21 13:00:00,2014-07-21 13:34:00,SUCCESS,34.0,9801.61
house1_event_31411,Tumble Dryer,2014-07-23 10:39:00,2014-07-23 11:14:00,2014-07-23 13:00:00,2014-07-23 13:35:00,SUCCESS,35.0,9099.76
house1_event_31412,Tumble Dryer,2014-07-25 08:51:00,2014-07-25 09:27:00,2014-07-25 13:00:00,2014-07-25 13:36:00,SUCCESS,36.0,10514.64
house1_event_31414,Tumble Dryer,2014-07-27 08:18:00,2014-07-27 08:54:00,2014-07-27 13:00:00,2014-07-27 13:36:00,SUCCESS,36.0,8518.17
house1_event_31418,Tumble Dryer,2014-07-30 10:13:00,2014-07-30 10:45:00,2014-07-30 13:00:00,2014-07-30 13:32:00,SUCCESS,32.0,9738.38
house1_event_31420,Tumble Dryer,2014-07-31 08:04:00,2014-07-31 08:38:00,2014-07-31 13:00:00,2014-07-31 13:34:00,SUCCESS,34.0,9834.22
house1_event_31421,Tumble Dryer,2014-08-01 08:39:00,2014-08-01 09:14:00,2014-08-01 13:00:00,2014-08-01 13:35:00,SUCCESS,35.0,12227.9
house1_event_31422,Tumble Dryer,2014-08-04 09:06:00,2014-08-04 09:40:00,2014-08-04 13:00:00,2014-08-04 13:34:00,SUCCESS,34.0,10297.02
house1_event_31424,Tumble Dryer,2014-08-05 07:44:00,2014-08-05 08:17:00,2014-08-05 13:00:00,2014-08-05 13:33:00,SUCCESS,33.0,11939.2
house1_event_31425,Tumble Dryer,2014-08-06 10:02:00,2014-08-06 10:37:00,2014-08-06 13:00:00,2014-08-06 13:35:00,SUCCESS,35.0,10779.51
house1_event_31427,Tumble Dryer,2014-08-09 08:46:00,2014-08-09 09:19:00,2014-08-09 13:00:00,2014-08-09 13:33:00,SUCCESS,33.0,7896.04
house1_event_31430,Tumble Dryer,2014-08-12 08:01:00,2014-08-12 08:35:00,2014-08-12 13:00:00,2014-08-12 13:34:00,SUCCESS,34.0,11074.39
house1_event_31433,Tumble Dryer,2014-08-13 11:14:00,2014-08-13 11:22:00,2014-08-13 13:00:00,2014-08-13 13:08:00,SUCCESS,8.0,8375.93
house1_event_31435,Tumble Dryer,2014-08-14 08:54:00,2014-08-14 09:28:00,2014-08-14 13:00:00,2014-08-14 13:34:00,SUCCESS,34.0,11036.41
house1_event_31436,Tumble Dryer,2014-08-16 11:52:00,2014-08-16 12:28:00,2014-08-16 13:00:00,2014-08-16 13:36:00,SUCCESS,36.0,10315.03
house1_event_31437,Tumble Dryer,2014-08-18 10:59:00,2014-08-18 11:33:00,2014-08-18 13:00:00,2014-08-18 13:34:00,SUCCESS,34.0,10568.14
house1_event_31438,Tumble Dryer,2014-08-19 08:01:00,2014-08-19 08:34:00,2014-08-19 13:00:00,2014-08-19 13:33:00,SUCCESS,33.0,13181.26
house1_event_31440,Tumble Dryer,2014-08-20 09:23:00,2014-08-20 09:58:00,2014-08-20 13:00:00,2014-08-20 13:35:00,SUCCESS,35.0,12529.85
house1_event_31441,Tumble Dryer,2014-08-21 09:20:00,2014-08-21 09:55:00,2014-08-21 13:00:00,2014-08-21 13:35:00,SUCCESS,35.0,13009.75
house1_event_31442,Tumble Dryer,2014-08-23 10:01:00,2014-08-23 10:34:00,2014-08-23 13:00:00,2014-08-23 13:33:00,SUCCESS,33.0,11906.05
house1_event_31443,Tumble Dryer,2014-08-23 15:30:00,2014-08-23 16:03:00,2014-08-23 15:35:00,2014-08-23 16:08:00,SUCCESS,33.0,12702.13
house1_event_31444,Tumble Dryer,2014-08-26 05:47:00,2014-08-26 06:20:00,2014-08-26 13:00:00,2014-08-26 13:33:00,SUCCESS,33.0,12936.48
house1_event_31445,Tumble Dryer,2014-08-27 08:25:00,2014-08-27 09:19:00,2014-08-27 13:00:00,2014-08-27 13:54:00,SUCCESS,54.0,24640.78
house1_event_31447,Tumble Dryer,2014-08-29 07:50:00,2014-08-29 08:23:00,2014-08-29 13:00:00,2014-08-29 13:33:00,SUCCESS,33.0,12175.59
house1_event_31449,Tumble Dryer,2014-09-03 10:11:00,2014-09-03 10:46:00,2014-09-03 13:00:00,2014-09-03 13:35:00,SUCCESS,35.0,15631.07
house1_event_31451,Tumble Dryer,2014-09-04 12:47:00,2014-09-04 13:20:00,2014-09-04 13:00:00,2014-09-04 13:33:00,SUCCESS,33.0,10757.45
house1_event_31452,Tumble Dryer,2014-09-08 08:46:00,2014-09-08 09:20:00,2014-09-08 13:00:00,2014-09-08 13:34:00,SUCCESS,34.0,12272.58
house1_event_31457,Tumble Dryer,2014-09-09 08:09:00,2014-09-09 08:43:00,2014-09-09 13:00:00,2014-09-09 13:34:00,SUCCESS,34.0,11253.7
house1_event_31460,Tumble Dryer,2014-09-10 08:51:00,2014-09-10 09:27:00,2014-09-10 13:00:00,2014-09-10 13:36:00,SUCCESS,36.0,12000.27
house1_event_31462,Tumble Dryer,2014-09-11 07:51:00,2014-09-11 08:27:00,2014-09-11 13:00:00,2014-09-11 13:36:00,SUCCESS,36.0,12454.41
house1_event_31464,Tumble Dryer,2014-09-12 09:18:00,2014-09-12 09:52:00,2014-09-12 13:00:00,2014-09-12 13:34:00,SUCCESS,34.0,11138.22
house1_event_31466,Tumble Dryer,2014-09-13 06:28:00,2014-09-13 06:47:00,2014-09-13 13:00:00,2014-09-13 13:19:00,SUCCESS,19.0,3388.82
house1_event_31467,Tumble Dryer,2014-09-16 08:49:00,2014-09-16 09:22:00,2014-09-16 13:00:00,2014-09-16 13:33:00,SUCCESS,33.0,11986.96
house1_event_31468,Tumble Dryer,2014-09-17 10:22:00,2014-09-17 10:56:00,2014-09-17 13:00:00,2014-09-17 13:34:00,SUCCESS,34.0,12224.92
house1_event_31469,Tumble Dryer,2014-09-18 06:49:00,2014-09-18 07:26:00,2014-09-18 13:00:00,2014-09-18 13:37:00,SUCCESS,37.0,14290.62
house1_event_31471,Tumble Dryer,2014-09-19 06:27:00,2014-09-19 07:02:00,2014-09-19 13:00:00,2014-09-19 13:35:00,SUCCESS,35.0,12661.81
house1_event_31475,Tumble Dryer,2014-09-24 08:12:00,2014-09-24 08:46:00,2014-09-24 13:00:00,2014-09-24 13:34:00,SUCCESS,34.0,13343.99
house1_event_31477,Tumble Dryer,2014-09-25 06:38:00,2014-09-25 07:11:00,2014-09-25 13:00:00,2014-09-25 13:33:00,SUCCESS,33.0,14426.14
house1_event_31479,Tumble Dryer,2014-09-26 06:06:00,2014-09-26 06:41:00,2014-09-26 13:00:00,2014-09-26 13:35:00,SUCCESS,35.0,13892.88
house1_event_31482,Tumble Dryer,2014-09-30 10:38:00,2014-09-30 10:52:00,2014-09-30 13:00:00,2014-09-30 13:14:00,SUCCESS,14.0,207.52
house1_event_31485,Tumble Dryer,2014-10-01 08:43:00,2014-10-01 09:10:00,2014-10-01 13:00:00,2014-10-01 13:27:00,SUCCESS,27.0,220.07
house1_event_31488,Tumble Dryer,2014-10-01 15:45:00,2014-10-01 16:02:00,2014-10-01 15:50:00,2014-10-01 16:07:00,SUCCESS,17.0,268.79
house1_event_31489,Tumble Dryer,2014-10-01 17:54:00,2014-10-01 18:00:00,2014-10-01 20:00:00,2014-10-01 20:06:00,SUCCESS,6.0,626.08
house1_event_31506,Tumble Dryer,2014-10-04 09:06:00,2014-10-04 09:27:00,2014-10-04 13:00:00,2014-10-04 13:21:00,SUCCESS,21.0,316.57
house1_event_31508,Tumble Dryer,2014-10-05 15:10:00,2014-10-05 16:39:00,2014-10-05 15:15:00,2014-10-05 16:44:00,SUCCESS,89.0,714.03
house1_event_31511,Tumble Dryer,2014-10-06 23:28:00,2014-10-07 00:01:00,2014-10-07 13:00:00,2014-10-07 13:33:00,SUCCESS,33.0,2087.66
house1_event_31515,Tumble Dryer,2014-10-08 07:40:00,2014-10-08 08:14:00,2014-10-08 13:00:00,2014-10-08 13:34:00,SUCCESS,34.0,14286.55
house1_event_31517,Tumble Dryer,2014-10-09 05:32:00,2014-10-09 06:06:00,2014-10-09 13:00:00,2014-10-09 13:34:00,SUCCESS,34.0,15430.04
house1_event_31523,Tumble Dryer,2014-10-12 11:45:00,2014-10-12 12:18:00,2014-10-12 13:00:00,2014-10-12 13:33:00,SUCCESS,33.0,15536.92
house1_event_31527,Tumble Dryer,2014-10-14 07:42:00,2014-10-14 08:15:00,2014-10-14 13:00:00,2014-10-14 13:33:00,SUCCESS,33.0,15751.41
house1_event_31530,Tumble Dryer,2014-10-17 10:34:00,2014-10-17 11:07:00,2014-10-17 13:00:00,2014-10-17 13:33:00,SUCCESS,33.0,15637.26
house1_event_31533,Tumble Dryer,2014-10-19 10:01:00,2014-10-19 10:35:00,2014-10-19 13:00:00,2014-10-19 13:34:00,SUCCESS,34.0,14419.59
house1_event_31536,Tumble Dryer,2014-10-22 11:36:00,2014-10-22 12:12:00,2014-10-22 13:00:00,2014-10-22 13:36:00,SUCCESS,36.0,16829.6
house1_event_31545,Tumble Dryer,2014-10-26 10:29:00,2014-10-26 11:03:00,2014-10-26 13:00:00,2014-10-26 13:34:00,SUCCESS,34.0,15028.37
house1_event_31546,Tumble Dryer,2014-10-29 12:23:00,2014-10-29 12:44:00,2014-10-29 13:00:00,2014-10-29 13:21:00,SUCCESS,21.0,3138.82
house1_event_31547,Tumble Dryer,2014-10-30 11:02:00,2014-10-30 11:38:00,2014-10-30 13:00:00,2014-10-30 13:36:00,SUCCESS,36.0,16744.99
house1_event_31549,Tumble Dryer,2014-10-31 10:09:00,2014-10-31 10:42:00,2014-10-31 13:00:00,2014-10-31 13:33:00,SUCCESS,33.0,14768.57
house1_event_31550,Tumble Dryer,2014-11-01 09:24:00,2014-11-01 09:59:00,2014-11-01 13:00:00,2014-11-01 13:35:00,SUCCESS,35.0,15904.73
house1_event_31551,Tumble Dryer,2014-11-03 10:24:00,2014-11-03 10:59:00,2014-11-03 13:00:00,2014-11-03 13:35:00,SUCCESS,35.0,15728.11
house1_event_31554,Tumble Dryer,2014-11-04 10:26:00,2014-11-04 11:00:00,2014-11-04 13:00:00,2014-11-04 13:34:00,SUCCESS,34.0,16681.32
house1_event_31556,Tumble Dryer,2014-11-05 10:51:00,2014-11-05 11:25:00,2014-11-05 13:00:00,2014-11-05 13:34:00,SUCCESS,34.0,16832.45
house1_event_31557,Tumble Dryer,2014-11-06 09:32:00,2014-11-06 10:05:00,2014-11-06 13:00:00,2014-11-06 13:33:00,SUCCESS,33.0,18158.03
house1_event_31560,Tumble Dryer,2014-11-12 11:27:00,2014-11-12 12:03:00,2014-11-12 13:00:00,2014-11-12 13:36:00,SUCCESS,36.0,17533.45
house1_event_31564,Tumble Dryer,2014-11-14 08:33:00,2014-11-14 08:44:00,2014-11-14 13:00:00,2014-11-14 13:11:00,SUCCESS,11.0,2965.89
house1_event_31577,Tumble Dryer,2014-11-24 11:30:00,2014-11-24 12:05:00,2014-11-24 13:00:00,2014-11-24 13:35:00,SUCCESS,35.0,18926.19
house1_event_31579,Tumble Dryer,2014-11-27 05:46:00,2014-11-27 06:21:00,2014-11-27 13:00:00,2014-11-27 13:35:00,SUCCESS,35.0,23584.7
house1_event_31581,Tumble Dryer,2014-11-29 05:47:00,2014-11-29 06:20:00,2014-11-29 13:00:00,2014-11-29 13:33:00,SUCCESS,33.0,18145.43
house1_event_31582,Tumble Dryer,2014-11-30 09:54:00,2014-11-30 10:27:00,2014-11-30 13:00:00,2014-11-30 13:33:00,SUCCESS,33.0,17520.57
house1_event_31583,Tumble Dryer,2014-12-02 11:46:00,2014-12-02 12:20:00,2014-12-02 13:00:00,2014-12-02 13:34:00,SUCCESS,34.0,17549.09
house1_event_31587,Tumble Dryer,2014-12-12 09:50:00,2014-12-12 10:25:00,2014-12-12 13:00:00,2014-12-12 13:35:00,SUCCESS,35.0,23164.23
house1_event_31589,Tumble Dryer,2014-12-13 10:12:00,2014-12-13 10:47:00,2014-12-13 13:00:00,2014-12-13 13:35:00,SUCCESS,35.0,21152.45
house1_event_31592,Tumble Dryer,2014-12-15 10:12:00,2014-12-15 11:08:00,2014-12-15 13:00:00,2014-12-15 13:56:00,SUCCESS,56.0,31854.56
house1_event_31593,Tumble Dryer,2014-12-19 11:28:00,2014-12-19 12:04:00,2014-12-19 13:00:00,2014-12-19 13:36:00,SUCCESS,36.0,19668.22
house1_event_31595,Tumble Dryer,2014-12-22 10:38:00,2014-12-22 11:12:00,2014-12-22 13:00:00,2014-12-22 13:34:00,SUCCESS,34.0,19621.04
house1_event_31598,Tumble Dryer,2014-12-27 10:38:00,2014-12-27 11:18:00,2014-12-27 13:00:00,2014-12-27 13:40:00,SUCCESS,40.0,10928.51
house1_event_31602,Tumble Dryer,2014-12-28 11:34:00,2014-12-28 12:07:00,2014-12-28 13:00:00,2014-12-28 13:33:00,SUCCESS,33.0,19429.52
house1_event_31607,Tumble Dryer,2014-12-30 10:49:00,2014-12-30 11:23:00,2014-12-30 13:00:00,2014-12-30 13:34:00,SUCCESS,34.0,19745.3
house1_event_31610,Tumble Dryer,2015-01-06 10:30:00,2015-01-06 11:03:00,2015-01-06 13:00:00,2015-01-06 13:33:00,SUCCESS,33.0,20345.56
house1_event_31617,Tumble Dryer,2015-01-11 10:17:00,2015-01-11 10:54:00,2015-01-11 13:00:00,2015-01-11 13:37:00,SUCCESS,37.0,20807.15
house1_event_31620,Tumble Dryer,2015-01-13 10:19:00,2015-01-13 10:52:00,2015-01-13 13:00:00,2015-01-13 13:33:00,SUCCESS,33.0,21090.34
house1_event_31622,Tumble Dryer,2015-01-14 10:50:00,2015-01-14 11:29:00,2015-01-14 13:00:00,2015-01-14 13:39:00,SUCCESS,39.0,20875.06
house1_event_31624,Tumble Dryer,2015-01-20 10:29:00,2015-01-20 11:03:00,2015-01-20 13:00:00,2015-01-20 13:34:00,SUCCESS,34.0,21505.24
house1_event_31628,Tumble Dryer,2015-01-22 09:37:00,2015-01-22 10:30:00,2015-01-22 13:00:00,2015-01-22 13:53:00,SUCCESS,53.0,39139.74
house1_event_31631,Tumble Dryer,2015-01-23 11:51:00,2015-01-23 12:25:00,2015-01-23 13:00:00,2015-01-23 13:34:00,SUCCESS,34.0,24477.29
house1_event_31632,Tumble Dryer,2015-01-27 07:35:00,2015-01-27 08:08:00,2015-01-27 13:00:00,2015-01-27 13:33:00,SUCCESS,33.0,19920.91
house1_event_31637,Tumble Dryer,2015-02-01 10:03:00,2015-02-01 10:36:00,2015-02-01 13:00:00,2015-02-01 13:33:00,SUCCESS,33.0,20451.79
house1_event_31640,Tumble Dryer,2015-02-06 09:35:00,2015-02-06 10:09:00,2015-02-06 13:00:00,2015-02-06 13:34:00,SUCCESS,34.0,22715.81
house1_event_31644,Tumble Dryer,2015-02-08 11:38:00,2015-02-08 12:13:00,2015-02-08 13:00:00,2015-02-08 13:35:00,SUCCESS,35.0,27119.95
house1_event_31648,Tumble Dryer,2015-02-13 12:16:00,2015-02-13 12:52:00,2015-02-13 13:00:00,2015-02-13 13:36:00,SUCCESS,36.0,21062.44
house1_event_31652,Tumble Dryer,2015-02-18 10:16:00,2015-02-18 11:09:00,2015-02-18 13:00:00,2015-02-18 13:53:00,SUCCESS,53.0,34713.91
house1_event_31655,Tumble Dryer,2015-02-21 10:29:00,2015-02-21 11:23:00,2015-02-21 13:00:00,2015-02-21 13:54:00,SUCCESS,54.0,37770.93
house1_event_31657,Tumble Dryer,2015-02-23 10:49:00,2015-02-23 11:26:00,2015-02-23 13:00:00,2015-02-23 13:37:00,SUCCESS,37.0,21742.21
house1_event_31659,Tumble Dryer,2015-02-25 12:30:00,2015-02-25 13:05:00,2015-02-25 13:00:00,2015-02-25 13:35:00,SUCCESS,35.0,21341.54
house1_event_31661,Tumble Dryer,2015-03-02 09:18:00,2015-03-02 09:50:00,2015-03-02 13:00:00,2015-03-02 13:32:00,SUCCESS,32.0,20705.82
house1_event_31664,Tumble Dryer,2015-03-03 10:20:00,2015-03-03 11:14:00,2015-03-03 13:00:00,2015-03-03 13:54:00,SUCCESS,54.0,33081.12
house1_event_31667,Tumble Dryer,2015-03-04 10:35:00,2015-03-04 11:08:00,2015-03-04 13:00:00,2015-03-04 13:33:00,SUCCESS,33.0,21100.76
house1_event_31672,Tumble Dryer,2015-03-21 05:07:00,2015-03-21 06:01:00,2015-03-21 13:00:00,2015-03-21 13:54:00,SUCCESS,54.0,36837.41
house1_event_31676,Tumble Dryer,2015-03-25 10:51:00,2015-03-25 11:25:00,2015-03-25 13:00:00,2015-03-25 13:34:00,SUCCESS,34.0,22343.27
house1_event_31677,Tumble Dryer,2015-03-25 16:34:00,2015-03-25 17:09:00,2015-03-25 20:00:00,2015-03-25 20:35:00,SUCCESS,35.0,18024.35
house1_event_31678,Tumble Dryer,2015-03-26 15:44:00,2015-03-26 16:20:00,2015-03-26 15:49:00,2015-03-26 16:25:00,SUCCESS,36.0,21001.56
house1_event_31679,Tumble Dryer,2015-03-26 16:32:00,2015-03-26 17:05:00,2015-03-26 20:00:00,2015-03-26 20:33:00,SUCCESS,33.0,19688.29
house1_event_31680,Tumble Dryer,2015-03-30 11:59:00,2015-03-30 12:32:00,2015-03-30 13:00:00,2015-03-30 13:33:00,SUCCESS,33.0,18286.21
house1_event_31681,Tumble Dryer,2015-04-02 10:42:00,2015-04-02 11:14:00,2015-04-02 13:00:00,2015-04-02 13:32:00,SUCCESS,32.0,17767.62
house1_event_31682,Tumble Dryer,2015-04-07 10:32:00,2015-04-07 11:27:00,2015-04-07 13:00:00,2015-04-07 13:55:00,SUCCESS,55.0,39163.88
house1_event_31686,Tumble Dryer,2015-04-09 11:52:00,2015-04-09 12:27:00,2015-04-09 13:00:00,2015-04-09 13:35:00,SUCCESS,35.0,18096.26
house1_event_31687,Tumble Dryer,2015-04-12 10:29:00,2015-04-12 11:09:00,2015-04-12 13:00:00,2015-04-12 13:40:00,SUCCESS,40.0,18283.26
house1_event_31698,Tumble Dryer,2015-04-13 15:33:00,2015-04-13 16:01:00,2015-04-13 15:38:00,2015-04-13 16:06:00,SUCCESS,28.0,3528.12
house1_event_31699,Tumble Dryer,2015-04-14 12:22:00,2015-04-14 13:00:00,2015-04-14 13:00:00,2015-04-14 13:38:00,SUCCESS,38.0,15874.29
house1_event_31700,Tumble Dryer,2015-04-15 10:00:00,2015-04-15 10:33:00,2015-04-15 13:00:00,2015-04-15 13:33:00,SUCCESS,33.0,17377.38
house1_event_31705,Tumble Dryer,2015-04-18 15:38:00,2015-04-18 16:12:00,2015-04-18 15:43:00,2015-04-18 16:17:00,SUCCESS,34.0,15925.95
house1_event_31706,Tumble Dryer,2015-04-18 16:20:00,2015-04-18 16:54:00,2015-04-18 20:00:00,2015-04-18 20:34:00,SUCCESS,34.0,17027.24
house1_event_31707,Tumble Dryer,2015-04-20 09:57:00,2015-04-20 12:08:00,2015-04-20 13:00:00,2015-04-20 15:11:00,SUCCESS,131.0,36590.12
house1_event_31711,Tumble Dryer,2015-04-25 10:06:00,2015-04-25 10:41:00,2015-04-25 13:00:00,2015-04-25 13:35:00,SUCCESS,35.0,19519.85
house1_event_31715,Tumble Dryer,2015-04-27 10:47:00,2015-04-27 11:21:00,2015-04-27 13:00:00,2015-04-27 13:34:00,SUCCESS,34.0,17137.33
house1_event_31719,Tumble Dryer,2015-05-01 12:57:00,2015-05-01 13:30:00,2015-05-01 13:02:00,2015-05-01 13:35:00,SUCCESS,33.0,17832.91
house1_event_31720,Tumble Dryer,2015-05-04 09:56:00,2015-05-04 10:30:00,2015-05-04 13:00:00,2015-05-04 13:34:00,SUCCESS,34.0,15704.06
house1_event_31723,Tumble Dryer,2015-05-05 10:36:00,2015-05-05 11:10:00,2015-05-05 13:00:00,2015-05-05 13:34:00,SUCCESS,34.0,14363.06
house1_event_31724,Tumble Dryer,2015-05-07 16:00:00,2015-05-07 16:37:00,2015-05-07 20:00:00,2015-05-07 20:37:00,SUCCESS,37.0,15547.06
house1_event_31726,Tumble Dryer,2015-05-08 11:35:00,2015-05-08 12:08:00,2015-05-08 13:00:00,2015-05-08 13:33:00,SUCCESS,33.0,15921.38
house1_event_31729,Tumble Dryer,2015-05-20 15:38:00,2015-05-20 16:54:00,2015-05-20 15:43:00,2015-05-20 16:59:00,SUCCESS,76.0,25416.53
house1_event_31730,Tumble Dryer,2015-05-20 16:58:00,2015-05-20 17:32:00,2015-05-20 20:00:00,2015-05-20 20:34:00,SUCCESS,34.0,15190.84
house1_event_31731,Tumble Dryer,2015-05-21 08:51:00,2015-05-21 09:23:00,2015-05-21 13:00:00,2015-05-21 13:32:00,SUCCESS,32.0,15034.67
house1_event_31733,Tumble Dryer,2015-05-22 10:36:00,2015-05-22 11:10:00,2015-05-22 13:00:00,2015-05-22 13:34:00,SUCCESS,34.0,16228.58
house1_event_31734,Tumble Dryer,2015-05-23 05:46:00,2015-05-23 06:19:00,2015-05-23 13:00:00,2015-05-23 13:33:00,SUCCESS,33.0,15702.33
house1_event_31735,Tumble Dryer,2015-05-27 11:50:00,2015-05-27 12:24:00,2015-05-27 13:00:00,2015-05-27 13:34:00,SUCCESS,34.0,15225.86
house1_event_31737,Tumble Dryer,2015-05-28 09:22:00,2015-05-28 09:54:00,2015-05-28 13:00:00,2015-05-28 13:32:00,SUCCESS,32.0,14990.75
house1_event_31739,Tumble Dryer,2015-05-31 15:47:00,2015-05-31 16:21:00,2015-05-31 15:52:00,2015-05-31 16:26:00,SUCCESS,34.0,14452.45
house1_event_31740,Tumble Dryer,2015-05-31 17:56:00,2015-05-31 18:30:00,2015-05-31 20:00:00,2015-05-31 20:34:00,SUCCESS,34.0,15697.8
house1_event_31741,Tumble Dryer,2015-06-01 07:21:00,2015-06-01 07:54:00,2015-06-01 13:00:00,2015-06-01 13:33:00,SUCCESS,33.0,15751.79
house1_event_31742,Tumble Dryer,2015-06-02 05:31:00,2015-06-02 06:04:00,2015-06-02 13:00:00,2015-06-02 13:33:00,SUCCESS,33.0,16043.75
house1_event_31743,Tumble Dryer,2015-06-03 09:02:00,2015-06-03 09:34:00,2015-06-03 13:00:00,2015-06-03 13:32:00,SUCCESS,32.0,12797.08
house1_event_31744,Tumble Dryer,2015-06-06 09:00:00,2015-06-06 09:34:00,2015-06-06 13:00:00,2015-06-06 13:34:00,SUCCESS,34.0,15142.24
house1_event_31750,Tumble Dryer,2015-06-30 09:06:00,2015-06-30 09:39:00,2015-06-30 13:00:00,2015-06-30 13:33:00,SUCCESS,33.0,10281.25
house1_event_31753,Tumble Dryer,2015-06-30 15:55:00,2015-06-30 16:31:00,2015-06-30 20:00:00,2015-06-30 20:36:00,SUCCESS,36.0,12224.71
house1_event_31754,Tumble Dryer,2015-07-03 10:56:00,2015-07-03 11:30:00,2015-07-03 13:00:00,2015-07-03 13:34:00,SUCCESS,34.0,11196.73
house1_event_31755,Tumble Dryer,2015-07-05 11:32:00,2015-07-05 12:06:00,2015-07-05 13:00:00,2015-07-05 13:34:00,SUCCESS,34.0,10005.57
house1_event_31758,Tumble Dryer,2015-07-08 06:20:00,2015-07-08 06:54:00,2015-07-08 13:00:00,2015-07-08 13:34:00,SUCCESS,34.0,12582.09
house1_event_31759,Washing Machine,2013-10-10 10:45:00,2013-10-10 11:19:00,2013-10-10 13:00:00,2013-10-10 13:34:00,SUCCESS,34.0,584.48
house1_event_31760,Washing Machine,2013-10-25 10:11:00,2013-10-25 10:45:00,2013-10-25 13:00:00,2013-10-25 13:34:00,SUCCESS,34.0,501.81
house1_event_31764,Washing Machine,2013-11-03 05:32:00,2013-11-03 06:08:00,2013-11-03 13:00:00,2013-11-03 13:36:00,SUCCESS,36.0,54947.6
house1_event_31767,Washing Machine,2013-11-09 10:10:00,2013-11-09 10:46:00,2013-11-09 13:00:00,2013-11-09 13:36:00,SUCCESS,36.0,48289.2
house1_event_31768,Washing Machine,2013-11-10 09:55:00,2013-11-10 10:19:00,2013-11-10 13:00:00,2013-11-10 13:24:00,SUCCESS,24.0,13454.96
house1_event_31771,Washing Machine,2013-11-14 12:08:00,2013-11-14 12:42:00,2013-11-14 13:00:00,2013-11-14 13:34:00,SUCCESS,34.0,630.82
house1_event_31774,Washing Machine,2013-11-19 05:29:00,2013-11-19 06:05:00,2013-11-19 13:00:00,2013-11-19 13:36:00,SUCCESS,36.0,56473.35
house1_event_31788,Washing Machine,2013-12-22 10:10:00,2013-12-22 10:59:00,2013-12-22 13:00:00,2013-12-22 13:49:00,SUCCESS,49.0,37406.63
house1_event_31790,Washing Machine,2013-12-24 12:17:00,2013-12-24 12:51:00,2013-12-24 13:00:00,2013-12-24 13:34:00,SUCCESS,34.0,17882.11
house1_event_31792,Washing Machine,2013-12-25 11:54:00,2013-12-25 12:33:00,2013-12-25 13:00:00,2013-12-25 13:39:00,SUCCESS,39.0,16329.54
house1_event_31793,Washing Machine,2013-12-25 18:28:00,2013-12-25 18:47:00,2013-12-25 20:00:00,2013-12-25 20:19:00,SUCCESS,19.0,1080.36
house1_event_31795,Washing Machine,2013-12-26 23:17:00,2013-12-26 23:36:00,2013-12-27 13:00:00,2013-12-27 13:19:00,SUCCESS,19.0,1172.93
house1_event_31812,Washing Machine,2014-03-25 00:10:00,2014-03-25 00:18:00,2014-03-25 13:00:00,2014-03-25 13:08:00,SUCCESS,8.0,661.76
house1_event_31827,Washing Machine,2014-04-04 21:58:00,2014-04-04 22:17:00,2014-04-05 13:00:00,2014-04-05 13:19:00,SUCCESS,19.0,1173.13
house1_event_31828,Washing Machine,2014-04-05 11:43:00,2014-04-05 13:42:00,2014-04-05 20:00:00,2014-04-05 21:59:00,SUCCESS,119.0,73848.36
house1_event_31832,Washing Machine,2014-04-08 10:32:00,2014-04-08 11:06:00,2014-04-08 13:00:00,2014-04-08 13:34:00,SUCCESS,34.0,55165.39
house1_event_31833,Washing Machine,2014-04-12 09:21:00,2014-04-12 09:57:00,2014-04-12 13:00:00,2014-04-12 13:36:00,SUCCESS,36.0,57766.86
house1_event_31834,Washing Machine,2014-04-15 12:06:00,2014-04-15 12:41:00,2014-04-15 13:00:00,2014-04-15 13:35:00,SUCCESS,35.0,57651.52
house1_event_31846,Washing Machine,2014-04-26 12:40:00,2014-04-26 13:15:00,2014-04-26 13:00:00,2014-04-26 13:35:00,SUCCESS,35.0,55511.19
house1_event_31848,Washing Machine,2014-05-02 09:26:00,2014-05-02 10:01:00,2014-05-02 13:00:00,2014-05-02 13:35:00,SUCCESS,35.0,53798.94
house1_event_31850,Washing Machine,2014-05-24 11:44:00,2014-05-24 12:20:00,2014-05-24 13:00:00,2014-05-24 13:36:00,SUCCESS,36.0,53621.11
house1_event_31853,Washing Machine,2014-06-14 12:24:00,2014-06-14 14:19:00,2014-06-14 13:00:00,2014-06-14 14:55:00,SUCCESS,115.0,64879.95
house1_event_31856,Washing Machine,2014-06-17 12:12:00,2014-06-17 12:44:00,2014-06-17 13:00:00,2014-06-17 13:32:00,SUCCESS,32.0,46942.55
house1_event_31857,Washing Machine,2014-06-20 09:09:00,2014-06-20 09:42:00,2014-06-20 13:00:00,2014-06-20 13:33:00,SUCCESS,33.0,51367.71
house1_event_31858,Washing Machine,2014-06-22 11:41:00,2014-06-22 12:14:00,2014-06-22 13:00:00,2014-06-22 13:33:00,SUCCESS,33.0,48742.97
house1_event_31859,Washing Machine,2014-06-26 08:58:00,2014-06-26 09:30:00,2014-06-26 13:00:00,2014-06-26 13:32:00,SUCCESS,32.0,49600.33
house1_event_31860,Washing Machine,2014-06-30 09:21:00,2014-06-30 09:55:00,2014-06-30 13:00:00,2014-06-30 13:34:00,SUCCESS,34.0,51464.85
house1_event_31861,Washing Machine,2014-07-04 08:44:00,2014-07-04 09:16:00,2014-07-04 13:00:00,2014-07-04 13:32:00,SUCCESS,32.0,50306.16
house1_event_31862,Washing Machine,2014-07-08 07:39:00,2014-07-08 08:11:00,2014-07-08 13:00:00,2014-07-08 13:32:00,SUCCESS,32.0,49175.92
house1_event_31864,Washing Machine,2014-07-15 09:31:00,2014-07-15 10:03:00,2014-07-15 13:00:00,2014-07-15 13:32:00,SUCCESS,32.0,48806.68
house1_event_31865,Washing Machine,2014-07-19 12:58:00,2014-07-19 13:29:00,2014-07-19 13:03:00,2014-07-19 13:34:00,SUCCESS,31.0,46158.87
house1_event_31866,Washing Machine,2014-07-22 09:00:00,2014-07-22 09:31:00,2014-07-22 13:00:00,2014-07-22 13:31:00,SUCCESS,31.0,47381.29
house1_event_31867,Washing Machine,2014-07-25 10:47:00,2014-07-25 11:20:00,2014-07-25 13:00:00,2014-07-25 13:33:00,SUCCESS,33.0,49069.51
house1_event_31869,Washing Machine,2014-07-26 08:41:00,2014-07-26 09:12:00,2014-07-26 13:00:00,2014-07-26 13:31:00,SUCCESS,31.0,45237.43
house1_event_31871,Washing Machine,2014-07-31 08:43:00,2014-07-31 09:15:00,2014-07-31 13:00:00,2014-07-31 13:32:00,SUCCESS,32.0,49737.79
house1_event_31872,Washing Machine,2014-08-07 08:32:00,2014-08-07 09:03:00,2014-08-07 13:00:00,2014-08-07 13:31:00,SUCCESS,31.0,47863.9
house1_event_31873,Washing Machine,2014-08-15 10:12:00,2014-08-15 10:46:00,2014-08-15 13:00:00,2014-08-15 13:34:00,SUCCESS,34.0,51055.37
house1_event_31874,Washing Machine,2014-08-16 09:18:00,2014-08-16 09:50:00,2014-08-16 13:00:00,2014-08-16 13:32:00,SUCCESS,32.0,48331.28
house1_event_31875,Washing Machine,2014-08-19 08:33:00,2014-08-19 09:06:00,2014-08-19 13:00:00,2014-08-19 13:33:00,SUCCESS,33.0,51323.96
house1_event_31876,Washing Machine,2014-08-23 08:26:00,2014-08-23 09:00:00,2014-08-23 13:00:00,2014-08-23 13:34:00,SUCCESS,34.0,52811.05
house1_event_31877,Washing Machine,2014-08-26 06:29:00,2014-08-26 07:03:00,2014-08-26 13:00:00,2014-08-26 13:34:00,SUCCESS,34.0,51854.16
house1_event_31878,Washing Machine,2014-08-29 10:01:00,2014-08-29 10:33:00,2014-08-29 13:00:00,2014-08-29 13:32:00,SUCCESS,32.0,49519.33
house1_event_31882,Washing Machine,2014-09-16 11:01:00,2014-09-16 11:34:00,2014-09-16 13:00:00,2014-09-16 13:33:00,SUCCESS,33.0,50680.24
house1_event_31885,Washing Machine,2014-09-23 12:11:00,2014-09-23 12:45:00,2014-09-23 13:00:00,2014-09-23 13:34:00,SUCCESS,34.0,52596.5
house1_event_31887,Washing Machine,2014-10-11 12:34:00,2014-10-11 13:09:00,2014-10-11 13:00:00,2014-10-11 13:35:00,SUCCESS,35.0,56216.48
house1_event_31894,Washing Machine,2014-11-01 10:48:00,2014-11-01 11:23:00,2014-11-01 13:00:00,2014-11-01 13:35:00,SUCCESS,35.0,54601.19
house1_event_31896,Washing Machine,2014-11-07 12:18:00,2014-11-07 12:52:00,2014-11-07 13:00:00,2014-11-07 13:34:00,SUCCESS,34.0,51629.6
house1_event_31907,Washing Machine,2014-12-20 11:01:00,2014-12-20 11:35:00,2014-12-20 13:00:00,2014-12-20 13:34:00,SUCCESS,34.0,53429.0
house1_event_31908,Washing Machine,2014-12-20 18:10:00,2014-12-20 18:30:00,2014-12-20 20:00:00,2014-12-20 20:20:00,SUCCESS,20.0,1153.59
house1_event_31911,Washing Machine,2014-12-24 11:18:00,2014-12-24 11:54:00,2014-12-24 13:00:00,2014-12-24 13:36:00,SUCCESS,36.0,57844.23
house1_event_31913,Washing Machine,2014-12-25 11:17:00,2014-12-25 11:36:00,2014-12-25 13:00:00,2014-12-25 13:19:00,SUCCESS,19.0,1141.87
house1_event_31914,Washing Machine,2014-12-25 16:08:00,2014-12-25 16:44:00,2014-12-25 20:00:00,2014-12-25 20:36:00,SUCCESS,36.0,54830.39
house1_event_31917,Washing Machine,2014-12-26 17:24:00,2014-12-26 17:59:00,2014-12-26 20:00:00,2014-12-26 20:35:00,SUCCESS,35.0,53243.41
house1_event_31918,Washing Machine,2014-12-27 11:53:00,2014-12-27 12:31:00,2014-12-27 13:00:00,2014-12-27 13:38:00,SUCCESS,38.0,59307.51
house1_event_31919,Washing Machine,2014-12-29 11:17:00,2014-12-29 11:54:00,2014-12-29 13:00:00,2014-12-29 13:37:00,SUCCESS,37.0,59318.91
house1_event_31921,Washing Machine,2015-01-09 10:42:00,2015-01-09 11:19:00,2015-01-09 13:00:00,2015-01-09 13:37:00,SUCCESS,37.0,61018.03
house1_event_31925,Washing Machine,2015-01-24 11:25:00,2015-01-24 12:02:00,2015-01-24 13:00:00,2015-01-24 13:37:00,SUCCESS,37.0,59289.11
house1_event_31931,Washing Machine,2015-02-03 12:39:00,2015-02-03 13:16:00,2015-02-03 13:00:00,2015-02-03 13:37:00,SUCCESS,37.0,60810.57
house1_event_31934,Washing Machine,2015-02-08 12:23:00,2015-02-08 13:00:00,2015-02-08 13:00:00,2015-02-08 13:37:00,SUCCESS,37.0,58866.3
house1_event_31935,Washing Machine,2015-02-08 21:51:00,2015-02-08 22:10:00,2015-02-08 21:56:00,2015-02-08 22:15:00,SUCCESS,19.0,1196.37
house1_event_31940,Washing Machine,2015-02-21 00:46:00,2015-02-21 01:05:00,2015-02-21 13:00:00,2015-02-21 13:19:00,SUCCESS,19.0,1189.86
house1_event_31950,Washing Machine,2015-03-30 10:03:00,2015-03-30 10:40:00,2015-03-30 13:00:00,2015-03-30 13:37:00,SUCCESS,37.0,57869.24
house1_event_31952,Washing Machine,2015-04-10 11:21:00,2015-04-10 11:58:00,2015-04-10 13:00:00,2015-04-10 13:37:00,SUCCESS,37.0,58478.07
house1_event_31953,Washing Machine,2015-04-14 11:11:00,2015-04-14 11:46:00,2015-04-14 13:00:00,2015-04-14 13:35:00,SUCCESS,35.0,57760.18
house1_event_31955,Washing Machine,2015-04-18 18:00:00,2015-04-18 18:36:00,2015-04-18 20:00:00,2015-04-18 20:36:00,SUCCESS,36.0,56318.37
house1_event_31956,Washing Machine,2015-04-21 11:46:00,2015-04-21 12:23:00,2015-04-21 13:00:00,2015-04-21 13:37:00,SUCCESS,37.0,56146.48
house1_event_31958,Washing Machine,2015-04-22 10:37:00,2015-04-22 11:12:00,2015-04-22 13:00:00,2015-04-22 13:35:00,SUCCESS,35.0,54426.03
house1_event_31959,Washing Machine,2015-04-22 23:46:00,2015-04-23 00:05:00,2015-04-23 13:00:00,2015-04-23 13:19:00,SUCCESS,19.0,1190.27
house1_event_31960,Washing Machine,2015-04-23 11:19:00,2015-04-23 11:54:00,2015-04-23 13:35:00,2015-04-23 14:10:00,SUCCESS,35.0,53989.5
house1_event_31961,Washing Machine,2015-04-23 21:45:00,2015-04-23 22:04:00,2015-04-23 21:50:00,2015-04-23 22:09:00,SUCCESS,19.0,1187.83
house1_event_31962,Washing Machine,2015-04-24 10:09:00,2015-04-24 10:44:00,2015-04-24 13:00:00,2015-04-24 13:35:00,SUCCESS,35.0,55282.02
house1_event_31963,Washing Machine,2015-04-26 12:29:00,2015-04-26 13:03:00,2015-04-26 13:00:00,2015-04-26 13:34:00,SUCCESS,34.0,55076.97
house1_event_31966,Washing Machine,2015-05-05 12:03:00,2015-05-05 12:37:00,2015-05-05 13:00:00,2015-05-05 13:34:00,SUCCESS,34.0,55136.54
house1_event_31967,Washing Machine,2015-05-09 09:59:00,2015-05-09 10:34:00,2015-05-09 13:00:00,2015-05-09 13:35:00,SUCCESS,35.0,54195.55
house1_event_31969,Washing Machine,2015-05-28 12:04:00,2015-05-28 12:37:00,2015-05-28 13:00:00,2015-05-28 13:33:00,SUCCESS,33.0,53897.18
house1_event_31971,Washing Machine,2015-05-30 10:20:00,2015-05-30 10:54:00,2015-05-30 13:00:00,2015-05-30 13:34:00,SUCCESS,34.0,53627.33
house1_event_31972,Washing Machine,2015-05-31 10:26:00,2015-05-31 10:59:00,2015-05-31 13:00:00,2015-05-31 13:33:00,SUCCESS,33.0,49212.16
house1_event_31973,Washing Machine,2015-06-02 11:49:00,2015-06-02 12:24:00,2015-06-02 13:00:00,2015-06-02 13:35:00,SUCCESS,35.0,53783.05
house1_event_31974,Washing Machine,2015-06-05 12:11:00,2015-06-05 12:47:00,2015-06-05 13:00:00,2015-06-05 13:36:00,SUCCESS,36.0,34372.6
house1_event_31976,Washing Machine,2015-06-08 10:10:00,2015-06-08 10:45:00,2015-06-08 13:00:00,2015-06-08 13:35:00,SUCCESS,35.0,52772.73
house1_event_31977,Washing Machine,2015-07-03 10:15:00,2015-07-03 10:47:00,2015-07-03 13:00:00,2015-07-03 13:32:00,SUCCESS,32.0,49545.83
house1_event_31981,Dishwasher,2013-10-10 11:01:00,2013-10-10 11:55:00,2013-10-10 13:00:00,2013-10-10 13:54:00,SUCCESS,54.0,1378.94
house1_event_31982,Dishwasher,2013-10-22 19:05:00,2013-10-22 20:19:00,2013-10-22 20:00:00,2013-10-22 21:14:00,SUCCESS,74.0,2251.04
house1_event_31983,Dishwasher,2013-10-23 19:11:00,2013-10-23 20:36:00,2013-10-23 20:00:00,2013-10-23 21:25:00,SUCCESS,85.0,2332.6
house1_event_31985,Dishwasher,2013-10-24 19:12:00,2013-10-24 19:40:00,2013-10-24 20:00:00,2013-10-24 20:28:00,SUCCESS,28.0,796.6
house1_event_31986,Dishwasher,2013-10-25 08:20:00,2013-10-25 09:14:00,2013-10-25 13:00:00,2013-10-25 13:54:00,SUCCESS,54.0,1466.45
house1_event_31987,Dishwasher,2013-10-25 12:30:00,2013-10-25 12:47:00,2013-10-25 13:54:00,2013-10-25 14:11:00,SUCCESS,17.0,474.14
house1_event_31988,Dishwasher,2013-10-26 17:44:00,2013-10-26 18:08:00,2013-10-26 20:00:00,2013-10-26 20:24:00,SUCCESS,24.0,664.97
house1_event_31989,Dishwasher,2013-10-27 11:45:00,2013-10-27 12:29:00,2013-10-27 13:00:00,2013-10-27 13:44:00,SUCCESS,44.0,1254.46
house1_event_31990,Dishwasher,2013-10-27 15:51:00,2013-10-27 16:46:00,2013-10-27 15:56:00,2013-10-27 16:51:00,SUCCESS,55.0,1560.8
house1_event_31991,Dishwasher,2013-10-27 16:49:00,2013-10-27 18:12:00,2013-10-27 20:00:00,2013-10-27 21:23:00,SUCCESS,83.0,2147.54
house1_event_31993,Dishwasher,2013-10-27 22:57:00,2013-10-27 23:23:00,2013-10-28 13:00:00,2013-10-28 13:26:00,SUCCESS,26.0,663.61
house1_event_31994,Dishwasher,2013-10-28 07:38:00,2013-10-28 07:58:00,2013-10-28 13:57:00,2013-10-28 14:17:00,SUCCESS,20.0,546.15
house1_event_31995,Dishwasher,2013-10-28 12:51:00,2013-10-28 13:48:00,2013-10-28 14:17:00,2013-10-28 15:14:00,SUCCESS,57.0,1508.44
house1_event_31996,Dishwasher,2013-10-28 19:19:00,2013-10-28 20:43:00,2013-10-28 20:00:00,2013-10-28 21:24:00,SUCCESS,84.0,1898.08
house1_event_31998,Dishwasher,2013-10-31 12:13:00,2013-10-31 13:14:00,2013-10-31 13:00:00,2013-10-31 14:01:00,SUCCESS,61.0,1549.63
house1_event_32001,Dishwasher,2013-11-02 10:26:00,2013-11-02 10:43:00,2013-11-02 13:00:00,2013-11-02 13:17:00,SUCCESS,17.0,445.94
house1_event_32002,Dishwasher,2013-11-02 19:15:00,2013-11-02 20:49:00,2013-11-02 20:00:00,2013-11-02 21:34:00,SUCCESS,94.0,2628.55
house1_event_32004,Dishwasher,2013-11-03 10:32:00,2013-11-03 11:00:00,2013-11-03 13:00:00,2013-11-03 13:28:00,SUCCESS,28.0,694.06
house1_event_32005,Dishwasher,2013-11-03 15:35:00,2013-11-03 16:50:00,2013-11-03 15:40:00,2013-11-03 16:55:00,SUCCESS,75.0,1993.18
house1_event_32006,Dishwasher,2013-11-03 19:40:00,2013-11-03 20:43:00,2013-11-03 20:00:00,2013-11-03 21:03:00,SUCCESS,63.0,1735.57
house1_event_32007,Dishwasher,2013-11-03 23:00:00,2013-11-03 23:08:00,2013-11-04 13:00:00,2013-11-04 13:08:00,SUCCESS,8.0,228.65
house1_event_32008,Dishwasher,2013-11-04 19:00:00,2013-11-04 20:50:00,2013-11-04 20:00:00,2013-11-04 21:50:00,SUCCESS,110.0,2986.55
house1_event_32010,Dishwasher,2013-11-05 16:44:00,2013-11-05 17:13:00,2013-11-05 20:00:00,2013-11-05 20:29:00,SUCCESS,29.0,728.56
house1_event_32011,Dishwasher,2013-11-06 22:26:00,2013-11-06 23:02:00,2013-11-07 13:00:00,2013-11-07 13:36:00,SUCCESS,36.0,1009.57
house1_event_32012,Dishwasher,2013-11-09 21:46:00,2013-11-09 22:47:00,2013-11-09 21:51:00,2013-11-09 22:52:00,SUCCESS,61.0,1686.23
house1_event_32013,Dishwasher,2013-11-10 15:27:00,2013-11-10 16:53:00,2013-11-10 15:32:00,2013-11-10 16:58:00,SUCCESS,86.0,2327.32
house1_event_32014,Dishwasher,2013-11-10 19:17:00,2013-11-10 20:02:00,2013-11-10 20:00:00,2013-11-10 20:45:00,SUCCESS,45.0,1237.65
house1_event_32016,Dishwasher,2013-11-12 11:20:00,2013-11-12 11:39:00,2013-11-12 13:00:00,2013-11-12 13:19:00,SUCCESS,19.0,627.93
house1_event_32017,Dishwasher,2013-11-12 11:51:00,2013-11-12 12:37:00,2013-11-12 13:46:00,2013-11-12 14:32:00,SUCCESS,46.0,1449.76
house1_event_32018,Dishwasher,2013-11-13 15:03:00,2013-11-13 16:14:00,2013-11-13 15:08:00,2013-11-13 16:19:00,SUCCESS,71.0,1519.64
house1_event_32021,Dishwasher,2013-11-14 19:26:00,2013-11-14 19:55:00,2013-11-14 20:00:00,2013-11-14 20:29:00,SUCCESS,29.0,849.57
house1_event_32023,Dishwasher,2013-11-14 22:06:00,2013-11-14 23:05:00,2013-11-15 13:00:00,2013-11-15 13:59:00,SUCCESS,59.0,1549.35
house1_event_32024,Dishwasher,2013-11-15 21:45:00,2013-11-15 22:34:00,2013-11-15 21:50:00,2013-11-15 22:39:00,SUCCESS,49.0,1381.22
house1_event_32025,Dishwasher,2013-11-16 08:10:00,2013-11-16 08:39:00,2013-11-16 13:00:00,2013-11-16 13:29:00,SUCCESS,29.0,782.52
house1_event_32026,Dishwasher,2013-11-16 16:47:00,2013-11-16 17:18:00,2013-11-16 20:00:00,2013-11-16 20:31:00,SUCCESS,31.0,877.51
house1_event_32027,Dishwasher,2013-11-17 15:37:00,2013-11-17 17:37:00,2013-11-17 15:42:00,2013-11-17 17:42:00,SUCCESS,120.0,3325.88
house1_event_32028,Dishwasher,2013-11-17 19:23:00,2013-11-17 20:34:00,2013-11-17 20:00:00,2013-11-17 21:11:00,SUCCESS,71.0,1919.59
house1_event_32031,Dishwasher,2013-11-18 23:50:00,2013-11-18 23:58:00,2013-11-19 13:00:00,2013-11-19 13:08:00,SUCCESS,8.0,204.96
house1_event_32032,Dishwasher,2013-11-19 08:57:00,2013-11-19 09:21:00,2013-11-19 13:24:00,2013-11-19 13:48:00,SUCCESS,24.0,300.2
house1_event_32033,Dishwasher,2013-11-19 22:45:00,2013-11-19 23:31:00,2013-11-20 13:00:00,2013-11-20 13:46:00,SUCCESS,46.0,1198.58
house1_event_32034,Dishwasher,2013-11-20 23:06:00,2013-11-20 23:28:00,2013-11-21 13:00:00,2013-11-21 13:22:00,SUCCESS,22.0,579.14
house1_event_32035,Dishwasher,2013-11-21 17:18:00,2013-11-21 17:42:00,2013-11-21 20:00:00,2013-11-21 20:24:00,SUCCESS,24.0,902.27
house1_event_32036,Dishwasher,2013-11-22 08:50:00,2013-11-22 09:03:00,2013-11-22 13:00:00,2013-11-22 13:13:00,SUCCESS,13.0,317.54
house1_event_32037,Dishwasher,2013-11-22 20:07:00,2013-11-22 22:31:00,2013-11-22 20:12:00,2013-11-22 22:36:00,SUCCESS,144.0,4203.4
house1_event_32038,Dishwasher,2013-11-23 10:39:00,2013-11-23 10:57:00,2013-11-23 13:00:00,2013-11-23 13:18:00,SUCCESS,18.0,404.77
house1_event_32039,Dishwasher,2013-11-23 15:16:00,2013-11-23 19:44:00,2013-11-23 15:21:00,2013-11-23 19:49:00,SUCCESS,268.0,7047.82
house1_event_32040,Dishwasher,2013-11-23 19:56:00,2013-11-23 20:51:00,2013-11-23 20:01:00,2013-11-23 20:56:00,SUCCESS,55.0,1459.57
house1_event_32041,Dishwasher,2013-11-24 12:18:00,2013-11-24 12:48:00,2013-11-24 13:00:00,2013-11-24 13:30:00,SUCCESS,30.0,908.32
house1_event_32042,Dishwasher,2013-11-24 16:33:00,2013-11-24 20:32:00,2013-11-25 13:00:00,2013-11-25 16:59:00,SUCCESS,239.0,6213.03
house1_event_32043,Dishwasher,2013-11-24 22:45:00,2013-11-24 23:20:00,2013-11-24 22:50:00,2013-11-24 23:25:00,SUCCESS,35.0,990.55
house1_event_32044,Dishwasher,2013-11-25 08:02:00,2013-11-25 08:39:00,2013-11-25 20:58:00,2013-11-25 21:35:00,SUCCESS,37.0,1012.11
house1_event_32045,Dishwasher,2013-11-25 19:38:00,2013-11-25 20:36:00,2013-11-25 20:00:00,2013-11-25 20:58:00,SUCCESS,58.0,1703.52
house1_event_32046,Dishwasher,2013-11-27 19:43:00,2013-11-27 21:33:00,2013-11-27 20:00:00,2013-11-27 21:50:00,SUCCESS,110.0,2980.97
house1_event_32048,Dishwasher,2013-11-28 23:27:00,2013-11-28 23:46:00,2013-11-29 13:00:00,2013-11-29 13:19:00,SUCCESS,19.0,533.22
house1_event_32049,Dishwasher,2013-11-29 07:59:00,2013-11-29 08:23:00,2013-11-29 13:24:00,2013-11-29 13:48:00,SUCCESS,24.0,633.42
house1_event_32052,Dishwasher,2013-12-03 15:29:00,2013-12-03 17:17:00,2013-12-03 15:34:00,2013-12-03 17:22:00,SUCCESS,108.0,3178.31
house1_event_32053,Dishwasher,2013-12-03 22:13:00,2013-12-03 22:44:00,2013-12-04 13:00:00,2013-12-04 13:31:00,SUCCESS,31.0,944.5
house1_event_32056,Dishwasher,2013-12-05 19:52:00,2013-12-05 21:39:00,2013-12-05 20:00:00,2013-12-05 21:47:00,SUCCESS,107.0,2638.51
house1_event_32058,Dishwasher,2013-12-07 15:56:00,2013-12-07 16:30:00,2013-12-07 20:00:00,2013-12-07 20:34:00,SUCCESS,34.0,887.13
house1_event_32059,Dishwasher,2013-12-07 18:37:00,2013-12-07 18:47:00,2013-12-07 20:34:00,2013-12-07 20:44:00,SUCCESS,10.0,302.27
house1_event_32060,Dishwasher,2013-12-08 18:34:00,2013-12-08 20:29:00,2013-12-08 20:00:00,2013-12-08 21:55:00,SUCCESS,115.0,3391.03
house1_event_32063,Dishwasher,2013-12-10 18:51:00,2013-12-10 19:24:00,2013-12-10 20:00:00,2013-12-10 20:33:00,SUCCESS,33.0,903.04
house1_event_32064,Dishwasher,2013-12-11 22:29:00,2013-12-12 00:06:00,2013-12-12 13:00:00,2013-12-12 14:37:00,SUCCESS,97.0,2831.92
house1_event_32068,Dishwasher,2013-12-21 16:16:00,2013-12-21 17:03:00,2013-12-21 20:00:00,2013-12-21 20:47:00,SUCCESS,47.0,1298.32
house1_event_32069,Dishwasher,2013-12-21 22:45:00,2013-12-21 23:53:00,2013-12-22 13:00:00,2013-12-22 14:08:00,SUCCESS,68.0,1839.07
house1_event_32070,Dishwasher,2013-12-25 16:57:00,2013-12-25 17:35:00,2013-12-25 20:00:00,2013-12-25 20:38:00,SUCCESS,38.0,1035.3
house1_event_32072,Dishwasher,2013-12-27 11:44:00,2013-12-27 12:21:00,2013-12-27 13:00:00,2013-12-27 13:37:00,SUCCESS,37.0,1042.89
house1_event_32075,Dishwasher,2013-12-27 16:23:00,2013-12-27 17:06:00,2013-12-27 20:00:00,2013-12-27 20:43:00,SUCCESS,43.0,1132.34
house1_event_32076,Dishwasher,2013-12-27 17:56:00,2013-12-27 18:39:00,2013-12-28 13:00:00,2013-12-28 13:43:00,SUCCESS,43.0,1137.83
house1_event_32077,Dishwasher,2013-12-27 18:45:00,2013-12-27 19:51:00,2013-12-27 18:50:00,2013-12-27 19:56:00,SUCCESS,66.0,1703.87
house1_event_32079,Dishwasher,2013-12-27 21:43:00,2013-12-27 22:38:00,2013-12-27 21:48:00,2013-12-27 22:43:00,SUCCESS,55.0,1450.73
house1_event_32080,Dishwasher,2013-12-28 11:06:00,2013-12-28 12:30:00,2013-12-28 13:00:00,2013-12-28 14:24:00,SUCCESS,84.0,2285.87
house1_event_32081,Dishwasher,2013-12-28 15:22:00,2013-12-28 18:32:00,2013-12-28 15:27:00,2013-12-28 18:37:00,SUCCESS,190.0,4063.56
house1_event_32082,Dishwasher,2013-12-28 18:38:00,2013-12-28 20:49:00,2013-12-28 20:00:00,2013-12-28 22:11:00,SUCCESS,131.0,3859.91
house1_event_32084,Dishwasher,2013-12-28 22:16:00,2013-12-28 23:34:00,2013-12-29 13:00:00,2013-12-29 14:18:00,SUCCESS,78.0,2015.42
house1_event_32086,Dishwasher,2013-12-29 15:44:00,2013-12-29 17:57:00,2013-12-30 06:00:00,2013-12-30 08:13:00,SUCCESS,133.0,3410.66
house1_event_32087,Dishwasher,2013-12-30 10:48:00,2013-12-30 11:22:00,2013-12-30 13:00:00,2013-12-30 13:34:00,SUCCESS,34.0,459.36
house1_event_32088,Dishwasher,2013-12-30 16:50:00,2013-12-30 18:24:00,2013-12-30 20:00:00,2013-12-30 21:34:00,SUCCESS,94.0,2709.02
house1_event_32089,Dishwasher,2013-12-31 11:55:00,2013-12-31 17:52:00,2013-12-31 13:00:00,2013-12-31 18:57:00,SUCCESS,357.0,9411.12
house1_event_32090,Dishwasher,2014-01-01 12:42:00,2014-01-01 14:55:00,2014-01-01 13:00:00,2014-01-01 15:13:00,SUCCESS,133.0,3788.44
house1_event_32091,Dishwasher,2014-01-01 14:59:00,2014-01-01 17:50:00,2014-01-02 06:00:00,2014-01-02 08:51:00,SUCCESS,171.0,4462.61
house1_event_32092,Dishwasher,2014-01-01 18:10:00,2014-01-01 18:50:00,2014-01-01 20:00:00,2014-01-01 20:40:00,SUCCESS,40.0,1064.06
house1_event_32094,Dishwasher,2014-01-02 09:18:00,2014-01-02 09:23:00,2014-01-02 13:00:00,2014-01-02 13:05:00,SUCCESS,5.0,160.4
house1_event_32095,Dishwasher,2014-01-02 21:03:00,2014-01-02 22:03:00,2014-01-02 21:08:00,2014-01-02 22:08:00,SUCCESS,60.0,1773.51
house1_event_32096,Dishwasher,2014-01-03 19:38:00,2014-01-03 21:00:00,2014-01-03 20:00:00,2014-01-03 21:22:00,SUCCESS,82.0,2407.05
house1_event_32097,Dishwasher,2014-01-04 12:18:00,2014-01-04 13:38:00,2014-01-04 13:00:00,2014-01-04 14:20:00,SUCCESS,80.0,2149.83
house1_event_32099,Dishwasher,2014-01-04 15:49:00,2014-01-04 16:58:00,2014-01-04 15:54:00,2014-01-04 17:03:00,SUCCESS,69.0,1908.81
house1_event_32100,Dishwasher,2014-01-04 19:22:00,2014-01-04 19:58:00,2014-01-04 20:00:00,2014-01-04 20:36:00,SUCCESS,36.0,1040.9
house1_event_32101,Dishwasher,2014-01-05 12:19:00,2014-01-05 13:34:00,2014-01-05 13:00:00,2014-01-05 14:15:00,SUCCESS,75.0,1683.85
house1_event_32103,Dishwasher,2014-01-05 16:04:00,2014-01-05 18:26:00,2014-01-05 20:00:00,2014-01-05 22:22:00,SUCCESS,142.0,3857.02
house1_event_32105,Dishwasher,2014-01-06 22:17:00,2014-01-06 23:00:00,2014-01-07 13:00:00,2014-01-07 13:43:00,SUCCESS,43.0,1076.01
house1_event_32106,Dishwasher,2014-01-07 12:42:00,2014-01-07 12:54:00,2014-01-07 13:43:00,2014-01-07 13:55:00,SUCCESS,12.0,308.23
house1_event_32108,Dishwasher,2014-01-07 15:24:00,2014-01-07 16:11:00,2014-01-07 15:29:00,2014-01-07 16:16:00,SUCCESS,47.0,1190.36
house1_event_32110,Dishwasher,2014-01-07 23:18:00,2014-01-07 23:23:00,2014-01-08 13:00:00,2014-01-08 13:05:00,SUCCESS,5.0,94.89
house1_event_32111,Dishwasher,2014-01-08 19:58:00,2014-01-08 20:41:00,2014-01-08 20:03:00,2014-01-08 20:46:00,SUCCESS,43.0,1281.58
house1_event_32112,Dishwasher,2014-01-09 19:43:00,2014-01-09 20:23:00,2014-01-09 20:00:00,2014-01-09 20:40:00,SUCCESS,40.0,1167.31
house1_event_32113,Dishwasher,2014-01-09 21:58:00,2014-01-09 22:27:00,2014-01-10 13:00:00,2014-01-10 13:29:00,SUCCESS,29.0,490.31
house1_event_32114,Dishwasher,2014-01-10 23:12:00,2014-01-11 00:28:00,2014-01-11 13:00:00,2014-01-11 14:16:00,SUCCESS,76.0,2139.93
house1_event_32115,Dishwasher,2014-01-11 09:31:00,2014-01-11 10:01:00,2014-01-11 14:16:00,2014-01-11 14:46:00,SUCCESS,30.0,769.29
house1_event_32117,Dishwasher,2014-01-11 16:57:00,2014-01-11 18:34:00,2014-01-11 20:00:00,2014-01-11 21:37:00,SUCCESS,97.0,2428.75
house1_event_32118,Dishwasher,2014-01-11 19:17:00,2014-01-11 20:19:00,2014-01-11 22:00:00,2014-01-11 23:02:00,SUCCESS,62.0,1736.42
house1_event_32120,Dishwasher,2014-01-11 23:08:00,2014-01-12 00:01:00,2014-01-12 13:00:00,2014-01-12 13:53:00,SUCCESS,53.0,1424.28
house1_event_32121,Dishwasher,2014-01-12 11:58:00,2014-01-12 12:49:00,2014-01-12 13:53:00,2014-01-12 14:44:00,SUCCESS,51.0,1354.85
house1_event_32122,Dishwasher,2014-01-12 22:02:00,2014-01-12 23:04:00,2014-01-13 13:00:00,2014-01-13 14:02:00,SUCCESS,62.0,1847.77
house1_event_32123,Dishwasher,2014-01-13 19:05:00,2014-01-13 20:23:00,2014-01-13 20:00:00,2014-01-13 21:18:00,SUCCESS,78.0,1541.36
house1_event_32124,Dishwasher,2014-01-14 19:10:00,2014-01-14 20:21:00,2014-01-14 20:00:00,2014-01-14 21:11:00,SUCCESS,71.0,2002.67
house1_event_32126,Dishwasher,2014-01-15 21:40:00,2014-01-15 22:32:00,2014-01-15 21:45:00,2014-01-15 22:37:00,SUCCESS,52.0,1477.1
house1_event_32127,Dishwasher,2014-01-16 19:23:00,2014-01-16 20:34:00,2014-01-16 20:00:00,2014-01-16 21:11:00,SUCCESS,71.0,2012.33
house1_event_32129,Dishwasher,2014-01-18 11:51:00,2014-01-18 13:37:00,2014-01-18 13:00:00,2014-01-18 14:46:00,SUCCESS,106.0,2356.87
house1_event_32130,Dishwasher,2014-01-18 15:50:00,2014-01-18 17:59:00,2014-01-18 15:55:00,2014-01-18 18:04:00,SUCCESS,129.0,3530.47
house1_event_32131,Dishwasher,2014-01-19 12:59:00,2014-01-19 14:19:00,2014-01-19 13:04:00,2014-01-19 14:24:00,SUCCESS,80.0,2204.93
house1_event_32132,Dishwasher,2014-01-19 15:41:00,2014-01-19 17:07:00,2014-01-19 15:46:00,2014-01-19 17:12:00,SUCCESS,86.0,1277.12
house1_event_32133,Dishwasher,2014-01-19 17:11:00,2014-01-19 18:51:00,2014-01-19 20:00:00,2014-01-19 21:40:00,SUCCESS,100.0,517.7
house1_event_32134,Dishwasher,2014-01-19 18:59:00,2014-01-19 20:59:00,2014-01-20 06:00:00,2014-01-20 08:00:00,SUCCESS,120.0,3080.8
house1_event_32135,Dishwasher,2014-01-20 19:21:00,2014-01-20 20:54:00,2014-01-20 20:00:00,2014-01-20 21:33:00,SUCCESS,93.0,2568.01
house1_event_32136,Dishwasher,2014-01-21 19:38:00,2014-01-21 21:00:00,2014-01-21 20:00:00,2014-01-21 21:22:00,SUCCESS,82.0,2234.38
house1_event_32138,Dishwasher,2014-01-23 19:25:00,2014-01-23 21:01:00,2014-01-23 20:00:00,2014-01-23 21:36:00,SUCCESS,96.0,1442.88
house1_event_32139,Dishwasher,2014-01-23 22:00:00,2014-01-23 22:53:00,2014-01-24 13:00:00,2014-01-24 13:53:00,SUCCESS,53.0,1431.36
house1_event_32141,Dishwasher,2014-03-06 21:05:00,2014-03-06 23:11:00,2014-03-06 21:10:00,2014-03-06 23:16:00,SUCCESS,126.0,3571.23
house1_event_32142,Dishwasher,2014-03-18 19:15:00,2014-03-18 20:47:00,2014-03-18 20:00:00,2014-03-18 21:32:00,SUCCESS,92.0,2772.28
house1_event_32143,Dishwasher,2014-03-19 19:28:00,2014-03-19 20:36:00,2014-03-19 20:00:00,2014-03-19 21:08:00,SUCCESS,68.0,2009.72
house1_event_32145,Dishwasher,2014-03-20 22:58:00,2014-03-20 23:24:00,2014-03-21 13:00:00,2014-03-21 13:26:00,SUCCESS,26.0,780.9
house1_event_32146,Dishwasher,2014-03-22 13:10:00,2014-03-22 16:07:00,2014-03-22 13:15:00,2014-03-22 16:12:00,SUCCESS,177.0,4919.08
house1_event_32147,Dishwasher,2014-03-22 16:24:00,2014-03-22 17:03:00,2014-03-22 20:00:00,2014-03-22 20:39:00,SUCCESS,39.0,984.14
house1_event_32148,Dishwasher,2014-03-22 17:20:00,2014-03-22 18:01:00,2014-03-22 20:41:00,2014-03-22 21:22:00,SUCCESS,41.0,1064.16
house1_event_32149,Dishwasher,2014-03-22 23:27:00,2014-03-22 23:53:00,2014-03-23 13:00:00,2014-03-23 13:26:00,SUCCESS,26.0,826.57
house1_event_32151,Dishwasher,2014-03-23 21:54:00,2014-03-23 22:06:00,2014-03-23 21:59:00,2014-03-23 22:11:00,SUCCESS,12.0,303.28
house1_event_32152,Dishwasher,2014-03-24 22:59:00,2014-03-24 23:18:00,2014-03-25 13:00:00,2014-03-25 13:19:00,SUCCESS,19.0,559.81
house1_event_32156,Dishwasher,2014-03-27 22:45:00,2014-03-27 23:09:00,2014-03-28 13:00:00,2014-03-28 13:24:00,SUCCESS,24.0,623.31
house1_event_32157,Dishwasher,2014-03-28 12:59:00,2014-03-28 13:21:00,2014-03-28 13:26:00,2014-03-28 13:48:00,SUCCESS,22.0,562.48
house1_event_32158,Dishwasher,2014-03-30 17:15:00,2014-03-30 18:33:00,2014-03-30 20:00:00,2014-03-30 21:18:00,SUCCESS,78.0,2137.99
house1_event_32159,Dishwasher,2014-03-31 19:13:00,2014-03-31 20:12:00,2014-03-31 20:00:00,2014-03-31 20:59:00,SUCCESS,59.0,1741.44
house1_event_32160,Dishwasher,2014-03-31 22:35:00,2014-03-31 22:46:00,2014-04-01 13:00:00,2014-04-01 13:11:00,SUCCESS,11.0,371.55
house1_event_32162,Dishwasher,2014-04-01 21:53:00,2014-04-01 22:20:00,2014-04-01 21:58:00,2014-04-01 22:25:00,SUCCESS,27.0,697.71
house1_event_32164,Dishwasher,2014-04-04 19:46:00,2014-04-04 21:32:00,2014-04-04 20:00:00,2014-04-04 21:46:00,SUCCESS,106.0,2891.95
house1_event_32165,Dishwasher,2014-04-05 08:10:00,2014-04-05 09:12:00,2014-04-05 13:00:00,2014-04-05 14:02:00,SUCCESS,62.0,1686.94
house1_event_32166,Dishwasher,2014-04-06 12:55:00,2014-04-06 16:23:00,2014-04-06 13:00:00,2014-04-06 16:28:00,SUCCESS,208.0,6235.38
house1_event_32167,Dishwasher,2014-04-06 17:26:00,2014-04-06 18:34:00,2014-04-06 20:00:00,2014-04-06 21:08:00,SUCCESS,68.0,1895.9
house1_event_32168,Dishwasher,2014-04-06 19:51:00,2014-04-06 20:28:00,2014-04-06 21:08:00,2014-04-06 21:45:00,SUCCESS,37.0,1074.38
house1_event_32170,Dishwasher,2014-04-07 18:24:00,2014-04-07 20:38:00,2014-04-07 20:00:00,2014-04-07 22:14:00,SUCCESS,134.0,3529.03
house1_event_32171,Dishwasher,2014-04-08 06:40:00,2014-04-08 06:47:00,2014-04-08 13:00:00,2014-04-08 13:07:00,SUCCESS,7.0,182.84
house1_event_32174,Dishwasher,2014-04-09 07:51:00,2014-04-09 09:21:00,2014-04-09 13:00:00,2014-04-09 14:30:00,SUCCESS,90.0,2659.74
house1_event_32175,Dishwasher,2014-04-09 21:56:00,2014-04-09 22:07:00,2014-04-10 13:00:00,2014-04-10 13:11:00,SUCCESS,11.0,303.14
house1_event_32176,Dishwasher,2014-04-10 07:16:00,2014-04-10 07:48:00,2014-04-10 13:32:00,2014-04-10 14:04:00,SUCCESS,32.0,973.84
house1_event_32177,Dishwasher,2014-04-10 08:43:00,2014-04-10 08:57:00,2014-04-10 14:04:00,2014-04-10 14:18:00,SUCCESS,14.0,392.17
house1_event_32178,Dishwasher,2014-04-10 18:50:00,2014-04-10 20:01:00,2014-04-10 20:00:00,2014-04-10 21:11:00,SUCCESS,71.0,2323.64
house1_event_32179,Dishwasher,2014-04-11 18:24:00,2014-04-11 20:25:00,2014-04-11 20:00:00,2014-04-11 22:01:00,SUCCESS,121.0,3092.08
house1_event_32180,Dishwasher,2014-04-12 09:22:00,2014-04-12 10:17:00,2014-04-12 13:00:00,2014-04-12 13:55:00,SUCCESS,55.0,1569.48
house1_event_32181,Dishwasher,2014-04-12 10:57:00,2014-04-12 11:38:00,2014-04-12 13:55:00,2014-04-12 14:36:00,SUCCESS,41.0,1141.37
house1_event_32182,Dishwasher,2014-04-12 11:45:00,2014-04-12 12:39:00,2014-04-12 14:36:00,2014-04-12 15:30:00,SUCCESS,54.0,1434.24
house1_event_32183,Dishwasher,2014-04-12 19:02:00,2014-04-12 19:23:00,2014-04-12 20:00:00,2014-04-12 20:21:00,SUCCESS,21.0,640.18
house1_event_32184,Dishwasher,2014-04-13 12:04:00,2014-04-13 14:05:00,2014-04-13 13:00:00,2014-04-13 15:01:00,SUCCESS,121.0,3579.66
house1_event_32185,Dishwasher,2014-04-14 18:28:00,2014-04-14 18:54:00,2014-04-14 20:00:00,2014-04-14 20:26:00,SUCCESS,26.0,715.23
house1_event_32186,Dishwasher,2014-04-15 19:22:00,2014-04-15 19:30:00,2014-04-15 20:00:00,2014-04-15 20:08:00,SUCCESS,8.0,220.56
house1_event_32187,Dishwasher,2014-04-16 16:04:00,2014-04-16 16:21:00,2014-04-16 20:00:00,2014-04-16 20:17:00,SUCCESS,17.0,584.49
house1_event_32188,Dishwasher,2014-04-16 18:47:00,2014-04-16 19:17:00,2014-04-16 20:30:00,2014-04-16 21:00:00,SUCCESS,30.0,843.44
house1_event_32189,Dishwasher,2014-04-16 21:54:00,2014-04-16 22:29:00,2014-04-16 21:59:00,2014-04-16 22:34:00,SUCCESS,35.0,1122.41
house1_event_32190,Dishwasher,2014-04-17 08:48:00,2014-04-17 10:08:00,2014-04-17 13:00:00,2014-04-17 14:20:00,SUCCESS,80.0,2312.49
house1_event_32192,Dishwasher,2014-04-23 19:59:00,2014-04-23 21:22:00,2014-04-23 20:04:00,2014-04-23 21:27:00,SUCCESS,83.0,2518.92
house1_event_32193,Dishwasher,2014-04-24 07:05:00,2014-04-24 07:42:00,2014-04-24 13:00:00,2014-04-24 13:37:00,SUCCESS,37.0,999.09
house1_event_32194,Dishwasher,2014-04-24 21:22:00,2014-04-24 22:12:00,2014-04-24 21:27:00,2014-04-24 22:17:00,SUCCESS,50.0,1507.45
house1_event_32195,Dishwasher,2014-04-25 18:29:00,2014-04-25 18:53:00,2014-04-25 20:00:00,2014-04-25 20:24:00,SUCCESS,24.0,701.26
house1_event_32196,Dishwasher,2014-04-25 19:10:00,2014-04-25 20:00:00,2014-04-25 20:50:00,2014-04-25 21:40:00,SUCCESS,50.0,1482.17
house1_event_32197,Dishwasher,2014-04-26 17:16:00,2014-04-26 19:10:00,2014-04-26 20:00:00,2014-04-26 21:54:00,SUCCESS,114.0,3282.7
house1_event_32198,Dishwasher,2014-04-26 22:41:00,2014-04-26 23:56:00,2014-04-27 13:00:00,2014-04-27 14:15:00,SUCCESS,75.0,2129.77
house1_event_32199,Dishwasher,2014-04-27 17:26:00,2014-04-27 17:46:00,2014-04-27 20:00:00,2014-04-27 20:20:00,SUCCESS,20.0,565.48
house1_event_32200,Dishwasher,2014-04-27 17:53:00,2014-04-27 18:54:00,2014-04-27 17:58:00,2014-04-27 18:59:00,SUCCESS,61.0,1697.0
house1_event_32201,Dishwasher,2014-04-28 18:58:00,2014-04-28 19:46:00,2014-04-28 20:00:00,2014-04-28 20:48:00,SUCCESS,48.0,1322.7
house1_event_32202,Dishwasher,2014-04-28 22:13:00,2014-04-28 22:38:00,2014-04-29 13:00:00,2014-04-29 13:25:00,SUCCESS,25.0,779.28
house1_event_32204,Dishwasher,2014-04-30 19:33:00,2014-04-30 20:17:00,2014-04-30 20:00:00,2014-04-30 20:44:00,SUCCESS,44.0,1227.27
house1_event_32205,Dishwasher,2014-05-01 18:20:00,2014-05-01 22:38:00,2014-05-02 13:00:00,2014-05-02 17:18:00,SUCCESS,258.0,7507.38
house1_event_32206,Dishwasher,2014-05-02 19:13:00,2014-05-02 21:01:00,2014-05-02 20:00:00,2014-05-02 21:48:00,SUCCESS,108.0,3055.13
house1_event_32207,Dishwasher,2014-05-03 06:20:00,2014-05-03 06:43:00,2014-05-03 13:00:00,2014-05-03 13:23:00,SUCCESS,23.0,646.66
house1_event_32208,Dishwasher,2014-05-03 19:11:00,2014-05-03 20:52:00,2014-05-03 20:00:00,2014-05-03 21:41:00,SUCCESS,101.0,2870.5
house1_event_32209,Dishwasher,2014-05-03 22:18:00,2014-05-03 23:27:00,2014-05-04 13:00:00,2014-05-04 14:09:00,SUCCESS,69.0,1905.24
house1_event_32210,Dishwasher,2014-05-04 07:49:00,2014-05-04 09:15:00,2014-05-04 20:16:00,2014-05-04 21:42:00,SUCCESS,86.0,2507.63
house1_event_32211,Dishwasher,2014-05-04 11:03:00,2014-05-04 12:38:00,2014-05-04 11:08:00,2014-05-04 12:43:00,SUCCESS,95.0,2782.79
house1_event_32214,Dishwasher,2014-05-04 15:31:00,2014-05-04 16:10:00,2014-05-04 15:36:00,2014-05-04 16:15:00,SUCCESS,39.0,1030.08
house1_event_32215,Dishwasher,2014-05-04 16:25:00,2014-05-04 16:41:00,2014-05-04 20:00:00,2014-05-04 20:16:00,SUCCESS,16.0,402.92
house1_event_32216,Dishwasher,2014-05-05 08:55:00,2014-05-05 09:19:00,2014-05-05 13:00:00,2014-05-05 13:24:00,SUCCESS,24.0,711.06
house1_event_32217,Dishwasher,2014-05-05 11:36:00,2014-05-05 11:58:00,2014-05-05 13:24:00,2014-05-05 13:46:00,SUCCESS,22.0,653.15
house1_event_32219,Dishwasher,2014-05-05 17:51:00,2014-05-05 18:29:00,2014-05-05 20:00:00,2014-05-05 20:38:00,SUCCESS,38.0,758.33
house1_event_32220,Dishwasher,2014-05-05 21:35:00,2014-05-05 22:18:00,2014-05-05 21:40:00,2014-05-05 22:23:00,SUCCESS,43.0,1209.46
house1_event_32221,Dishwasher,2014-05-06 07:24:00,2014-05-06 08:06:00,2014-05-06 13:00:00,2014-05-06 13:42:00,SUCCESS,42.0,1173.85
house1_event_32222,Dishwasher,2014-05-06 08:12:00,2014-05-06 10:03:00,2014-05-06 20:00:00,2014-05-06 21:51:00,SUCCESS,111.0,3123.27
house1_event_32223,Dishwasher,2014-05-13 08:31:00,2014-05-13 08:36:00,2014-05-13 13:00:00,2014-05-13 13:05:00,SUCCESS,5.0,97.18
house1_event_32225,Dishwasher,2014-05-21 18:07:00,2014-05-21 19:21:00,2014-05-21 20:00:00,2014-05-21 21:14:00,SUCCESS,74.0,2204.1
house1_event_32226,Dishwasher,2014-05-22 18:27:00,2014-05-22 20:35:00,2014-05-22 20:00:00,2014-05-22 22:08:00,SUCCESS,128.0,4001.95
house1_event_32229,Dishwasher,2014-05-24 16:02:00,2014-05-24 16:32:00,2014-05-24 20:00:00,2014-05-24 20:30:00,SUCCESS,30.0,774.97
house1_event_32230,Dishwasher,2014-05-24 18:34:00,2014-05-24 19:42:00,2014-05-24 18:39:00,2014-05-24 19:47:00,SUCCESS,68.0,1896.81
house1_event_32231,Dishwasher,2014-05-24 22:40:00,2014-05-24 23:26:00,2014-05-25 13:00:00,2014-05-25 13:46:00,SUCCESS,46.0,1282.48
house1_event_32232,Dishwasher,2014-05-25 15:44:00,2014-05-25 16:16:00,2014-05-25 15:49:00,2014-05-25 16:21:00,SUCCESS,32.0,967.28
house1_event_32233,Dishwasher,2014-05-25 16:21:00,2014-05-25 16:58:00,2014-05-25 20:00:00,2014-05-25 20:37:00,SUCCESS,37.0,1017.04
house1_event_32234,Dishwasher,2014-05-25 18:58:00,2014-05-25 20:31:00,2014-05-26 06:00:00,2014-05-26 07:33:00,SUCCESS,93.0,2565.09
house1_event_32235,Dishwasher,2014-05-25 21:47:00,2014-05-25 22:30:00,2014-05-25 21:52:00,2014-05-25 22:35:00,SUCCESS,43.0,1278.75
house1_event_32236,Dishwasher,2014-05-26 06:56:00,2014-05-26 07:36:00,2014-05-26 13:00:00,2014-05-26 13:40:00,SUCCESS,40.0,1074.71
house1_event_32237,Dishwasher,2014-05-26 12:09:00,2014-05-26 13:15:00,2014-05-26 14:06:00,2014-05-26 15:12:00,SUCCESS,66.0,1792.22
house1_event_32238,Dishwasher,2014-05-26 21:21:00,2014-05-26 22:11:00,2014-05-26 21:26:00,2014-05-26 22:16:00,SUCCESS,50.0,1421.56
house1_event_32239,Dishwasher,2014-05-27 21:35:00,2014-05-27 22:38:00,2014-05-27 21:40:00,2014-05-27 22:43:00,SUCCESS,63.0,1706.56
house1_event_32240,Dishwasher,2014-05-28 10:53:00,2014-05-28 11:04:00,2014-05-28 13:00:00,2014-05-28 13:11:00,SUCCESS,11.0,319.75
house1_event_32241,Dishwasher,2014-05-28 18:17:00,2014-05-28 19:46:00,2014-05-28 20:00:00,2014-05-28 21:29:00,SUCCESS,89.0,2554.31
house1_event_32242,Dishwasher,2014-05-28 19:47:00,2014-05-28 20:45:00,2014-05-29 13:00:00,2014-05-29 13:58:00,SUCCESS,58.0,1814.14
house1_event_32243,Dishwasher,2014-05-29 18:36:00,2014-05-29 20:35:00,2014-05-29 20:00:00,2014-05-29 21:59:00,SUCCESS,119.0,3483.78
house1_event_32244,Dishwasher,2014-05-30 19:12:00,2014-05-30 21:11:00,2014-05-30 20:00:00,2014-05-30 21:59:00,SUCCESS,119.0,3594.86
house1_event_32245,Dishwasher,2014-05-30 22:17:00,2014-05-30 23:23:00,2014-05-31 13:00:00,2014-05-31 14:06:00,SUCCESS,66.0,1875.39
house1_event_32246,Dishwasher,2014-05-31 09:07:00,2014-05-31 11:09:00,2014-05-31 09:12:00,2014-05-31 11:14:00,SUCCESS,122.0,3298.51
house1_event_32247,Dishwasher,2014-05-31 12:14:00,2014-05-31 12:51:00,2014-05-31 15:02:00,2014-05-31 15:39:00,SUCCESS,37.0,962.19
house1_event_32249,Dishwasher,2014-05-31 16:47:00,2014-05-31 18:46:00,2014-05-31 20:00:00,2014-05-31 21:59:00,SUCCESS,119.0,3292.46
house1_event_32251,Dishwasher,2014-05-31 23:09:00,2014-06-01 00:09:00,2014-06-01 13:00:00,2014-06-01 14:00:00,SUCCESS,60.0,1613.8
house1_event_32252,Dishwasher,2014-06-01 11:27:00,2014-06-01 12:02:00,2014-06-01 14:00:00,2014-06-01 14:35:00,SUCCESS,35.0,959.92
house1_event_32254,Dishwasher,2014-06-01 16:58:00,2014-06-01 19:06:00,2014-06-01 20:00:00,2014-06-01 22:08:00,SUCCESS,128.0,3496.34
house1_event_32255,Dishwasher,2014-06-01 22:35:00,2014-06-01 23:20:00,2014-06-02 13:00:00,2014-06-02 13:45:00,SUCCESS,45.0,1212.0
house1_event_32256,Dishwasher,2014-06-02 19:34:00,2014-06-02 21:36:00,2014-06-02 20:00:00,2014-06-02 22:02:00,SUCCESS,122.0,3610.15
house1_event_32257,Dishwasher,2014-06-02 22:05:00,2014-06-02 22:46:00,2014-06-03 13:00:00,2014-06-03 13:41:00,SUCCESS,41.0,1119.33
house1_event_32258,Dishwasher,2014-06-03 18:47:00,2014-06-03 19:15:00,2014-06-03 20:00:00,2014-06-03 20:28:00,SUCCESS,28.0,791.68
house1_event_32259,Dishwasher,2014-06-03 21:16:00,2014-06-03 22:42:00,2014-06-03 21:21:00,2014-06-03 22:47:00,SUCCESS,86.0,2457.58
house1_event_32260,Dishwasher,2014-06-04 18:34:00,2014-06-04 19:30:00,2014-06-04 20:00:00,2014-06-04 20:56:00,SUCCESS,56.0,1694.78
house1_event_32264,Dishwasher,2014-06-05 21:42:00,2014-06-05 22:09:00,2014-06-05 21:47:00,2014-06-05 22:14:00,SUCCESS,27.0,707.1
house1_event_32265,Dishwasher,2014-06-05 22:13:00,2014-06-05 22:54:00,2014-06-06 13:00:00,2014-06-06 13:41:00,SUCCESS,41.0,1082.16
house1_event_32266,Dishwasher,2014-06-06 19:58:00,2014-06-06 23:01:00,2014-06-06 20:03:00,2014-06-06 23:06:00,SUCCESS,183.0,5200.12
house1_event_32267,Dishwasher,2014-06-07 10:44:00,2014-06-07 11:04:00,2014-06-07 13:00:00,2014-06-07 13:20:00,SUCCESS,20.0,538.6
house1_event_32268,Dishwasher,2014-06-07 11:28:00,2014-06-07 12:01:00,2014-06-07 13:33:00,2014-06-07 14:06:00,SUCCESS,33.0,969.33
house1_event_32270,Dishwasher,2014-06-07 17:45:00,2014-06-07 17:50:00,2014-06-07 20:00:00,2014-06-07 20:05:00,SUCCESS,5.0,102.92
house1_event_32271,Dishwasher,2014-06-07 17:52:00,2014-06-07 18:22:00,2014-06-07 20:30:00,2014-06-07 21:00:00,SUCCESS,30.0,783.29
house1_event_32272,Dishwasher,2014-06-07 22:34:00,2014-06-07 23:04:00,2014-06-08 13:00:00,2014-06-08 13:30:00,SUCCESS,30.0,821.0
house1_event_32273,Dishwasher,2014-06-08 17:40:00,2014-06-08 18:09:00,2014-06-08 20:00:00,2014-06-08 20:29:00,SUCCESS,29.0,787.94
house1_event_32274,Dishwasher,2014-06-08 19:30:00,2014-06-08 19:55:00,2014-06-08 20:29:00,2014-06-08 20:54:00,SUCCESS,25.0,740.23
house1_event_32275,Dishwasher,2014-06-09 18:19:00,2014-06-09 19:45:00,2014-06-09 20:00:00,2014-06-09 21:26:00,SUCCESS,86.0,2516.87
house1_event_32276,Dishwasher,2014-06-09 21:43:00,2014-06-09 23:07:00,2014-06-09 21:48:00,2014-06-09 23:12:00,SUCCESS,84.0,2350.46
house1_event_32277,Dishwasher,2014-06-10 18:00:00,2014-06-10 19:53:00,2014-06-10 20:00:00,2014-06-10 21:53:00,SUCCESS,113.0,3092.55
house1_event_32280,Dishwasher,2014-06-11 21:52:00,2014-06-11 22:19:00,2014-06-11 21:57:00,2014-06-11 22:24:00,SUCCESS,27.0,728.11
house1_event_32281,Dishwasher,2014-06-12 19:24:00,2014-06-12 20:50:00,2014-06-12 20:00:00,2014-06-12 21:26:00,SUCCESS,86.0,2293.44
house1_event_32282,Dishwasher,2014-06-15 12:01:00,2014-06-15 13:03:00,2014-06-15 13:00:00,2014-06-15 14:02:00,SUCCESS,62.0,1733.16
house1_event_32283,Dishwasher,2014-06-15 15:14:00,2014-06-15 16:14:00,2014-06-15 15:19:00,2014-06-15 16:19:00,SUCCESS,60.0,1557.37
house1_event_32284,Dishwasher,2014-06-15 17:40:00,2014-06-15 18:37:00,2014-06-15 20:00:00,2014-06-15 20:57:00,SUCCESS,57.0,1592.23
house1_event_32285,Dishwasher,2014-06-15 22:04:00,2014-06-15 22:59:00,2014-06-16 13:00:00,2014-06-16 13:55:00,SUCCESS,55.0,1495.02
house1_event_32286,Dishwasher,2014-06-16 19:08:00,2014-06-16 20:00:00,2014-06-16 20:00:00,2014-06-16 20:52:00,SUCCESS,52.0,1449.73
house1_event_32287,Dishwasher,2014-06-16 21:14:00,2014-06-16 22:02:00,2014-06-16 21:19:00,2014-06-16 22:07:00,SUCCESS,48.0,1269.42
house1_event_32290,Dishwasher,2014-06-21 08:59:00,2014-06-21 09:32:00,2014-06-21 13:00:00,2014-06-21 13:33:00,SUCCESS,33.0,984.36
house1_event_32291,Dishwasher,2014-06-21 10:30:00,2014-06-21 11:29:00,2014-06-21 13:59:00,2014-06-21 14:58:00,SUCCESS,59.0,1630.12
house1_event_32292,Dishwasher,2014-06-21 11:30:00,2014-06-21 12:14:00,2014-06-21 20:00:00,2014-06-21 20:44:00,SUCCESS,44.0,1208.43
house1_event_32293,Dishwasher,2014-06-21 12:54:00,2014-06-21 13:08:00,2014-06-21 14:58:00,2014-06-21 15:12:00,SUCCESS,14.0,358.38
house1_event_32294,Dishwasher,2014-06-21 15:28:00,2014-06-21 16:21:00,2014-06-21 15:33:00,2014-06-21 16:26:00,SUCCESS,53.0,1458.78
house1_event_32296,Dishwasher,2014-06-21 21:56:00,2014-06-21 23:10:00,2014-06-22 13:00:00,2014-06-22 14:14:00,SUCCESS,74.0,2071.33
house1_event_32298,Dishwasher,2014-06-22 16:41:00,2014-06-22 18:09:00,2014-06-22 20:00:00,2014-06-22 21:28:00,SUCCESS,88.0,2347.51
house1_event_32300,Dishwasher,2014-06-23 19:11:00,2014-06-23 19:54:00,2014-06-23 20:00:00,2014-06-23 20:43:00,SUCCESS,43.0,1106.72
house1_event_32301,Dishwasher,2014-06-24 08:13:00,2014-06-24 08:36:00,2014-06-24 13:00:00,2014-06-24 13:23:00,SUCCESS,23.0,663.89
house1_event_32302,Dishwasher,2014-06-24 20:55:00,2014-06-24 22:41:00,2014-06-24 21:00:00,2014-06-24 22:46:00,SUCCESS,106.0,2986.32
house1_event_32303,Dishwasher,2014-06-25 10:38:00,2014-06-25 11:12:00,2014-06-25 13:00:00,2014-06-25 13:34:00,SUCCESS,34.0,1000.22
house1_event_32304,Dishwasher,2014-06-25 21:32:00,2014-06-25 22:22:00,2014-06-25 21:37:00,2014-06-25 22:27:00,SUCCESS,50.0,1424.3
house1_event_32305,Dishwasher,2014-06-26 17:50:00,2014-06-26 21:01:00,2014-06-26 20:00:00,2014-06-26 23:11:00,SUCCESS,191.0,5290.88
house1_event_32306,Dishwasher,2014-06-26 21:39:00,2014-06-26 22:10:00,2014-06-27 13:00:00,2014-06-27 13:31:00,SUCCESS,31.0,938.09
house1_event_32307,Dishwasher,2014-06-27 18:34:00,2014-06-27 19:32:00,2014-06-27 20:00:00,2014-06-27 20:58:00,SUCCESS,58.0,1621.88
house1_event_32308,Dishwasher,2014-06-27 21:41:00,2014-06-27 22:53:00,2014-06-27 21:46:00,2014-06-27 22:58:00,SUCCESS,72.0,1989.3
house1_event_32309,Dishwasher,2014-06-28 17:39:00,2014-06-28 19:01:00,2014-06-28 20:00:00,2014-06-28 21:22:00,SUCCESS,82.0,2341.25
house1_event_32310,Dishwasher,2014-06-28 19:02:00,2014-06-28 19:26:00,2014-06-28 21:22:00,2014-06-28 21:46:00,SUCCESS,24.0,585.16
house1_event_32311,Dishwasher,2014-06-29 11:48:00,2014-06-29 12:02:00,2014-06-29 13:00:00,2014-06-29 13:14:00,SUCCESS,14.0,422.19
house1_event_32312,Dishwasher,2014-06-29 16:21:00,2014-06-29 17:15:00,2014-06-29 20:00:00,2014-06-29 20:54:00,SUCCESS,54.0,1616.73
house1_event_32313,Dishwasher,2014-06-29 17:31:00,2014-06-29 17:48:00,2014-06-29 20:54:00,2014-06-29 21:11:00,SUCCESS,17.0,459.65
house1_event_32315,Dishwasher,2014-06-30 18:21:00,2014-06-30 19:33:00,2014-06-30 20:00:00,2014-06-30 21:12:00,SUCCESS,72.0,2109.22
house1_event_32317,Dishwasher,2014-06-30 21:54:00,2014-06-30 22:33:00,2014-06-30 21:59:00,2014-06-30 22:38:00,SUCCESS,39.0,1115.28
house1_event_32319,Dishwasher,2014-07-02 19:07:00,2014-07-02 19:58:00,2014-07-02 20:00:00,2014-07-02 20:51:00,SUCCESS,51.0,1378.97
house1_event_32321,Dishwasher,2014-07-03 21:39:00,2014-07-03 22:20:00,2014-07-03 21:44:00,2014-07-03 22:25:00,SUCCESS,41.0,1084.72
house1_event_32322,Dishwasher,2014-07-04 17:24:00,2014-07-04 17:33:00,2014-07-04 20:00:00,2014-07-04 20:09:00,SUCCESS,9.0,243.12
house1_event_32323,Dishwasher,2014-07-04 19:32:00,2014-07-04 20:22:00,2014-07-04 20:50:00,2014-07-04 21:40:00,SUCCESS,50.0,1366.94
house1_event_32324,Dishwasher,2014-07-06 16:30:00,2014-07-06 17:29:00,2014-07-06 20:00:00,2014-07-06 20:59:00,SUCCESS,59.0,1675.65
house1_event_32325,Dishwasher,2014-07-06 17:44:00,2014-07-06 18:22:00,2014-07-06 20:59:00,2014-07-06 21:37:00,SUCCESS,38.0,1042.74
house1_event_32326,Dishwasher,2014-07-06 19:23:00,2014-07-06 19:58:00,2014-07-07 13:00:00,2014-07-07 13:35:00,SUCCESS,35.0,899.26
house1_event_32327,Dishwasher,2014-07-07 19:42:00,2014-07-07 19:54:00,2014-07-07 20:00:00,2014-07-07 20:12:00,SUCCESS,12.0,322.66
house1_event_32329,Dishwasher,2014-07-08 16:07:00,2014-07-08 16:56:00,2014-07-08 20:00:00,2014-07-08 20:49:00,SUCCESS,49.0,1410.41
house1_event_32330,Dishwasher,2014-07-08 18:54:00,2014-07-08 19:52:00,2014-07-08 20:58:00,2014-07-08 21:56:00,SUCCESS,58.0,1536.85
house1_event_32332,Dishwasher,2014-07-09 19:10:00,2014-07-09 20:23:00,2014-07-09 20:00:00,2014-07-09 21:13:00,SUCCESS,73.0,2049.95
house1_event_32333,Dishwasher,2014-07-10 19:20:00,2014-07-10 20:10:00,2014-07-10 20:00:00,2014-07-10 20:50:00,SUCCESS,50.0,1464.43
house1_event_32335,Dishwasher,2014-07-13 10:25:00,2014-07-13 11:04:00,2014-07-13 13:00:00,2014-07-13 13:39:00,SUCCESS,39.0,1159.99
house1_event_32336,Dishwasher,2014-07-13 11:55:00,2014-07-13 13:39:00,2014-07-13 16:00:00,2014-07-13 17:44:00,SUCCESS,104.0,2913.44
house1_event_32337,Dishwasher,2014-07-13 16:51:00,2014-07-13 18:11:00,2014-07-13 20:00:00,2014-07-13 21:20:00,SUCCESS,80.0,2269.62
house1_event_32338,Dishwasher,2014-07-13 22:30:00,2014-07-13 23:08:00,2014-07-14 13:00:00,2014-07-14 13:38:00,SUCCESS,38.0,1094.14
house1_event_32339,Dishwasher,2014-07-14 18:47:00,2014-07-14 20:10:00,2014-07-14 20:00:00,2014-07-14 21:23:00,SUCCESS,83.0,2309.78
house1_event_32342,Dishwasher,2014-07-16 18:19:00,2014-07-16 18:57:00,2014-07-16 20:00:00,2014-07-16 20:38:00,SUCCESS,38.0,1103.96
house1_event_32343,Dishwasher,2014-07-16 19:32:00,2014-07-16 20:31:00,2014-07-17 13:00:00,2014-07-17 13:59:00,SUCCESS,59.0,1636.85
house1_event_32344,Dishwasher,2014-07-16 21:16:00,2014-07-16 22:19:00,2014-07-16 21:21:00,2014-07-16 22:24:00,SUCCESS,63.0,1738.45
house1_event_32345,Dishwasher,2014-07-17 20:29:00,2014-07-17 22:05:00,2014-07-17 20:34:00,2014-07-17 22:10:00,SUCCESS,96.0,2727.11
house1_event_32346,Dishwasher,2014-07-18 19:39:00,2014-07-18 21:13:00,2014-07-18 20:00:00,2014-07-18 21:34:00,SUCCESS,94.0,2779.36
house1_event_32349,Dishwasher,2014-07-19 15:38:00,2014-07-19 16:21:00,2014-07-19 15:43:00,2014-07-19 16:26:00,SUCCESS,43.0,1168.04
house1_event_32350,Dishwasher,2014-07-19 16:46:00,2014-07-19 17:43:00,2014-07-19 20:00:00,2014-07-19 20:57:00,SUCCESS,57.0,1524.65
house1_event_32351,Dishwasher,2014-07-19 17:53:00,2014-07-19 18:26:00,2014-07-19 20:57:00,2014-07-19 21:30:00,SUCCESS,33.0,838.44
house1_event_32352,Dishwasher,2014-07-19 19:27:00,2014-07-19 19:46:00,2014-07-19 21:30:00,2014-07-19 21:49:00,SUCCESS,19.0,480.22
house1_event_32353,Dishwasher,2014-07-19 22:41:00,2014-07-19 23:38:00,2014-07-20 13:00:00,2014-07-20 13:57:00,SUCCESS,57.0,1704.01
house1_event_32354,Dishwasher,2014-07-21 19:15:00,2014-07-21 20:23:00,2014-07-21 20:00:00,2014-07-21 21:08:00,SUCCESS,68.0,1874.52
house1_event_32355,Dishwasher,2014-07-22 10:40:00,2014-07-22 16:44:00,2014-07-22 13:00:00,2014-07-22 19:04:00,SUCCESS,364.0,11820.23
house1_event_32356,Dishwasher,2014-07-22 17:38:00,2014-07-22 18:22:00,2014-07-22 20:00:00,2014-07-22 20:44:00,SUCCESS,44.0,1228.73
house1_event_32357,Dishwasher,2014-07-22 18:26:00,2014-07-22 19:52:00,2014-07-22 22:00:00,2014-07-22 23:26:00,SUCCESS,86.0,2425.83
house1_event_32358,Dishwasher,2014-07-23 10:42:00,2014-07-23 10:59:00,2014-07-23 13:00:00,2014-07-23 13:17:00,SUCCESS,17.0,478.99
house1_event_32359,Dishwasher,2014-07-23 18:20:00,2014-07-23 19:50:00,2014-07-23 20:00:00,2014-07-23 21:30:00,SUCCESS,90.0,2545.37
house1_event_32361,Dishwasher,2014-07-24 19:12:00,2014-07-24 20:12:00,2014-07-24 20:00:00,2014-07-24 21:00:00,SUCCESS,60.0,1689.48
house1_event_32362,Dishwasher,2014-07-24 22:11:00,2014-07-24 22:18:00,2014-07-25 13:00:00,2014-07-25 13:07:00,SUCCESS,7.0,173.49
house1_event_32363,Dishwasher,2014-07-26 15:34:00,2014-07-26 16:06:00,2014-07-26 15:39:00,2014-07-26 16:11:00,SUCCESS,32.0,886.78
house1_event_32364,Dishwasher,2014-07-27 14:51:00,2014-07-27 16:27:00,2014-07-27 14:56:00,2014-07-27 16:32:00,SUCCESS,96.0,2629.06
house1_event_32365,Dishwasher,2014-07-27 19:56:00,2014-07-27 20:06:00,2014-07-27 20:01:00,2014-07-27 20:11:00,SUCCESS,10.0,282.52
house1_event_32366,Dishwasher,2014-07-28 06:44:00,2014-07-28 06:51:00,2014-07-28 13:00:00,2014-07-28 13:07:00,SUCCESS,7.0,177.04
house1_event_32367,Dishwasher,2014-07-28 18:51:00,2014-07-28 19:23:00,2014-07-28 20:00:00,2014-07-28 20:32:00,SUCCESS,32.0,878.31
house1_event_32368,Dishwasher,2014-07-28 21:43:00,2014-07-28 22:33:00,2014-07-28 21:48:00,2014-07-28 22:38:00,SUCCESS,50.0,1386.0
house1_event_32369,Dishwasher,2014-07-29 19:10:00,2014-07-29 21:03:00,2014-07-29 20:00:00,2014-07-29 21:53:00,SUCCESS,113.0,3135.57
house1_event_32370,Dishwasher,2014-07-30 15:51:00,2014-07-30 16:28:00,2014-07-30 15:56:00,2014-07-30 16:33:00,SUCCESS,37.0,1079.76
house1_event_32371,Dishwasher,2014-07-30 18:59:00,2014-07-30 19:38:00,2014-07-30 20:00:00,2014-07-30 20:39:00,SUCCESS,39.0,1169.67
house1_event_32372,Dishwasher,2014-07-31 19:07:00,2014-07-31 21:25:00,2014-07-31 20:00:00,2014-07-31 22:18:00,SUCCESS,138.0,3906.57
house1_event_32373,Dishwasher,2014-08-04 18:22:00,2014-08-04 19:38:00,2014-08-04 20:00:00,2014-08-04 21:16:00,SUCCESS,76.0,2153.99
house1_event_32374,Dishwasher,2014-08-04 22:03:00,2014-08-04 22:45:00,2014-08-05 13:00:00,2014-08-05 13:42:00,SUCCESS,42.0,1303.96
house1_event_32375,Dishwasher,2014-08-05 07:19:00,2014-08-05 07:36:00,2014-08-05 13:42:00,2014-08-05 13:59:00,SUCCESS,17.0,496.72
house1_event_32376,Dishwasher,2014-08-05 18:13:00,2014-08-05 19:22:00,2014-08-05 20:00:00,2014-08-05 21:09:00,SUCCESS,69.0,2056.79
house1_event_32377,Dishwasher,2014-08-05 22:10:00,2014-08-05 22:19:00,2014-08-06 13:00:00,2014-08-06 13:09:00,SUCCESS,9.0,319.43
house1_event_32378,Dishwasher,2014-08-06 10:13:00,2014-08-06 10:21:00,2014-08-06 13:09:00,2014-08-06 13:17:00,SUCCESS,8.0,183.27
house1_event_32379,Dishwasher,2014-08-06 18:39:00,2014-08-06 20:45:00,2014-08-06 20:00:00,2014-08-06 22:06:00,SUCCESS,126.0,3814.24
house1_event_32380,Dishwasher,2014-08-07 21:33:00,2014-08-07 23:22:00,2014-08-07 21:38:00,2014-08-07 23:27:00,SUCCESS,109.0,3291.75
house1_event_32381,Dishwasher,2014-08-08 18:09:00,2014-08-08 22:26:00,2014-08-09 13:00:00,2014-08-09 17:17:00,SUCCESS,257.0,7420.39
house1_event_32382,Dishwasher,2014-08-09 16:45:00,2014-08-09 19:35:00,2014-08-09 20:00:00,2014-08-09 22:50:00,SUCCESS,170.0,4892.86
house1_event_32384,Dishwasher,2014-08-10 11:12:00,2014-08-10 12:08:00,2014-08-10 13:00:00,2014-08-10 13:56:00,SUCCESS,56.0,1588.21
house1_event_32385,Dishwasher,2014-08-10 12:13:00,2014-08-10 12:25:00,2014-08-10 13:56:00,2014-08-10 14:08:00,SUCCESS,12.0,420.99
house1_event_32387,Dishwasher,2014-08-10 16:40:00,2014-08-10 18:32:00,2014-08-10 20:00:00,2014-08-10 21:52:00,SUCCESS,112.0,3147.14
house1_event_32388,Dishwasher,2014-08-10 18:54:00,2014-08-10 22:24:00,2014-08-11 13:00:00,2014-08-11 16:30:00,SUCCESS,210.0,6059.69
house1_event_32389,Dishwasher,2014-08-11 18:35:00,2014-08-11 20:13:00,2014-08-11 20:00:00,2014-08-11 21:38:00,SUCCESS,98.0,2756.78
house1_event_32390,Dishwasher,2014-08-12 18:55:00,2014-08-12 21:00:00,2014-08-12 20:00:00,2014-08-12 22:05:00,SUCCESS,125.0,3637.88
house1_event_32391,Dishwasher,2014-08-13 19:25:00,2014-08-13 20:38:00,2014-08-13 20:00:00,2014-08-13 21:13:00,SUCCESS,73.0,2706.75
house1_event_32392,Dishwasher,2014-08-14 19:26:00,2014-08-14 20:38:00,2014-08-14 20:00:00,2014-08-14 21:12:00,SUCCESS,72.0,2229.03
house1_event_32394,Dishwasher,2014-08-14 21:37:00,2014-08-14 22:17:00,2014-08-14 21:42:00,2014-08-14 22:22:00,SUCCESS,40.0,1184.93
house1_event_32395,Dishwasher,2014-08-16 15:40:00,2014-08-16 16:26:00,2014-08-16 15:45:00,2014-08-16 16:31:00,SUCCESS,46.0,1284.55
house1_event_32396,Dishwasher,2014-08-16 19:58:00,2014-08-16 22:03:00,2014-08-16 20:03:00,2014-08-16 22:08:00,SUCCESS,125.0,3435.56
house1_event_32398,Dishwasher,2014-08-17 19:08:00,2014-08-17 19:56:00,2014-08-17 20:00:00,2014-08-17 20:48:00,SUCCESS,48.0,1295.27
house1_event_32399,Dishwasher,2014-08-18 19:07:00,2014-08-18 20:31:00,2014-08-18 20:00:00,2014-08-18 21:24:00,SUCCESS,84.0,2354.66
house1_event_32401,Dishwasher,2014-08-19 18:22:00,2014-08-19 19:45:00,2014-08-19 20:00:00,2014-08-19 21:23:00,SUCCESS,83.0,2315.24
house1_event_32403,Dishwasher,2014-08-19 22:07:00,2014-08-19 22:40:00,2014-08-20 13:00:00,2014-08-20 13:33:00,SUCCESS,33.0,808.44
house1_event_32405,Dishwasher,2014-08-20 08:33:00,2014-08-20 08:49:00,2014-08-20 13:33:00,2014-08-20 13:49:00,SUCCESS,16.0,519.12
house1_event_32406,Dishwasher,2014-08-20 18:57:00,2014-08-20 20:41:00,2014-08-20 20:00:00,2014-08-20 21:44:00,SUCCESS,104.0,3038.17
house1_event_32407,Dishwasher,2014-08-23 16:15:00,2014-08-23 17:24:00,2014-08-23 20:00:00,2014-08-23 21:09:00,SUCCESS,69.0,1912.32
house1_event_32408,Dishwasher,2014-08-23 18:16:00,2014-08-23 18:25:00,2014-08-23 21:09:00,2014-08-23 21:18:00,SUCCESS,9.0,274.29
house1_event_32409,Dishwasher,2014-08-23 22:01:00,2014-08-23 23:08:00,2014-08-24 13:00:00,2014-08-24 14:07:00,SUCCESS,67.0,1875.11
house1_event_32410,Dishwasher,2014-08-24 17:01:00,2014-08-24 18:24:00,2014-08-24 20:00:00,2014-08-24 21:23:00,SUCCESS,83.0,2376.66
house1_event_32411,Dishwasher,2014-08-24 19:30:00,2014-08-24 19:55:00,2014-08-24 21:23:00,2014-08-24 21:48:00,SUCCESS,25.0,643.1
house1_event_32412,Dishwasher,2014-08-25 14:34:00,2014-08-25 16:23:00,2014-08-25 14:39:00,2014-08-25 16:28:00,SUCCESS,109.0,2655.35
house1_event_32413,Dishwasher,2014-08-25 18:05:00,2014-08-25 19:33:00,2014-08-25 20:00:00,2014-08-25 21:28:00,SUCCESS,88.0,2548.06
house1_event_32414,Dishwasher,2014-08-26 12:50:00,2014-08-26 13:53:00,2014-08-26 13:00:00,2014-08-26 14:03:00,SUCCESS,63.0,1755.94
house1_event_32416,Dishwasher,2014-08-26 15:41:00,2014-08-26 16:49:00,2014-08-26 15:46:00,2014-08-26 16:54:00,SUCCESS,68.0,1810.34
house1_event_32417,Dishwasher,2014-08-26 21:48:00,2014-08-26 22:43:00,2014-08-26 21:53:00,2014-08-26 22:48:00,SUCCESS,55.0,214.08
house1_event_32418,Dishwasher,2014-08-27 18:23:00,2014-08-27 19:30:00,2014-08-27 20:00:00,2014-08-27 21:07:00,SUCCESS,67.0,1949.9
house1_event_32420,Dishwasher,2014-08-28 08:25:00,2014-08-28 09:43:00,2014-08-28 13:00:00,2014-08-28 14:18:00,SUCCESS,78.0,2377.04
house1_event_32421,Dishwasher,2014-08-28 18:45:00,2014-08-28 20:30:00,2014-08-28 20:00:00,2014-08-28 21:45:00,SUCCESS,105.0,2984.33
house1_event_32424,Dishwasher,2014-09-01 22:54:00,2014-09-01 23:02:00,2014-09-02 13:00:00,2014-09-02 13:08:00,SUCCESS,8.0,221.15
house1_event_32425,Dishwasher,2014-09-02 10:06:00,2014-09-02 10:25:00,2014-09-02 13:19:00,2014-09-02 13:38:00,SUCCESS,19.0,558.6
house1_event_32428,Dishwasher,2014-09-05 19:12:00,2014-09-05 19:58:00,2014-09-05 20:00:00,2014-09-05 20:46:00,SUCCESS,46.0,1224.19
house1_event_32429,Dishwasher,2014-09-06 09:14:00,2014-09-06 09:42:00,2014-09-06 13:00:00,2014-09-06 13:28:00,SUCCESS,28.0,735.13
house1_event_32430,Dishwasher,2014-09-06 15:58:00,2014-09-06 16:32:00,2014-09-06 20:00:00,2014-09-06 20:34:00,SUCCESS,34.0,892.04
house1_event_32431,Dishwasher,2014-09-06 17:24:00,2014-09-06 18:01:00,2014-09-06 20:37:00,2014-09-06 21:14:00,SUCCESS,37.0,1052.56
house1_event_32432,Dishwasher,2014-09-07 18:24:00,2014-09-07 20:40:00,2014-09-07 20:00:00,2014-09-07 22:16:00,SUCCESS,136.0,3807.81
house1_event_32434,Dishwasher,2014-09-07 22:12:00,2014-09-07 22:48:00,2014-09-08 13:00:00,2014-09-08 13:36:00,SUCCESS,36.0,942.44
house1_event_32436,Dishwasher,2014-09-08 19:35:00,2014-09-08 20:00:00,2014-09-08 20:00:00,2014-09-08 20:25:00,SUCCESS,25.0,672.03
house1_event_32437,Dishwasher,2014-09-09 21:00:00,2014-09-09 22:05:00,2014-09-09 21:05:00,2014-09-09 22:10:00,SUCCESS,65.0,1746.43
house1_event_32438,Dishwasher,2014-09-10 18:43:00,2014-09-10 19:59:00,2014-09-10 20:00:00,2014-09-10 21:16:00,SUCCESS,76.0,2247.47
house1_event_32439,Dishwasher,2014-09-11 18:53:00,2014-09-11 19:39:00,2014-09-11 20:00:00,2014-09-11 20:46:00,SUCCESS,46.0,1335.66
house1_event_32440,Dishwasher,2014-09-11 21:42:00,2014-09-11 22:27:00,2014-09-11 21:47:00,2014-09-11 22:32:00,SUCCESS,45.0,1433.33
house1_event_32441,Dishwasher,2014-09-12 18:39:00,2014-09-12 19:50:00,2014-09-12 20:00:00,2014-09-12 21:11:00,SUCCESS,71.0,2331.43
house1_event_32442,Dishwasher,2014-09-12 22:18:00,2014-09-12 22:25:00,2014-09-13 13:00:00,2014-09-13 13:07:00,SUCCESS,7.0,229.82
house1_event_32443,Dishwasher,2014-09-13 18:08:00,2014-09-13 19:43:00,2014-09-13 20:00:00,2014-09-13 21:35:00,SUCCESS,95.0,2662.77
house1_event_32445,Dishwasher,2014-09-14 15:59:00,2014-09-14 19:56:00,2014-09-15 13:00:00,2014-09-15 16:57:00,SUCCESS,237.0,6783.75
house1_event_32446,Dishwasher,2014-09-15 21:49:00,2014-09-15 22:04:00,2014-09-15 21:54:00,2014-09-15 22:09:00,SUCCESS,15.0,389.03
house1_event_32447,Dishwasher,2014-09-16 06:54:00,2014-09-16 09:36:00,2014-09-16 13:00:00,2014-09-16 15:42:00,SUCCESS,162.0,4582.66
house1_event_32448,Dishwasher,2014-09-16 10:17:00,2014-09-16 11:27:00,2014-09-16 10:22:00,2014-09-16 11:32:00,SUCCESS,70.0,2213.26
house1_event_32449,Dishwasher,2014-09-16 18:40:00,2014-09-16 19:35:00,2014-09-16 20:00:00,2014-09-16 20:55:00,SUCCESS,55.0,1505.75
house1_event_32450,Dishwasher,2014-09-17 22:04:00,2014-09-17 22:48:00,2014-09-18 13:00:00,2014-09-18 13:44:00,SUCCESS,44.0,1178.31
house1_event_32451,Dishwasher,2014-09-18 18:20:00,2014-09-18 21:09:00,2014-09-18 20:00:00,2014-09-18 22:49:00,SUCCESS,169.0,4846.01
house1_event_32452,Dishwasher,2014-09-19 18:31:00,2014-09-19 20:39:00,2014-09-19 20:00:00,2014-09-19 22:08:00,SUCCESS,128.0,3792.15
house1_event_32453,Dishwasher,2014-09-21 10:57:00,2014-09-21 12:25:00,2014-09-21 13:00:00,2014-09-21 14:28:00,SUCCESS,88.0,2473.61
house1_event_32454,Dishwasher,2014-09-21 12:52:00,2014-09-21 13:16:00,2014-09-21 14:28:00,2014-09-21 14:52:00,SUCCESS,24.0,623.51
house1_event_32456,Dishwasher,2014-09-21 18:47:00,2014-09-21 20:00:00,2014-09-21 20:00:00,2014-09-21 21:13:00,SUCCESS,73.0,2260.72
house1_event_32457,Dishwasher,2014-09-22 18:31:00,2014-09-22 19:57:00,2014-09-22 20:00:00,2014-09-22 21:26:00,SUCCESS,86.0,2342.22
house1_event_32458,Dishwasher,2014-09-22 21:44:00,2014-09-22 22:35:00,2014-09-22 21:49:00,2014-09-22 22:40:00,SUCCESS,51.0,1586.98
house1_event_32459,Dishwasher,2014-09-23 07:59:00,2014-09-23 08:34:00,2014-09-23 13:00:00,2014-09-23 13:35:00,SUCCESS,35.0,993.82
house1_event_32460,Dishwasher,2014-09-23 18:30:00,2014-09-23 20:21:00,2014-09-23 20:00:00,2014-09-23 21:51:00,SUCCESS,111.0,3136.32
house1_event_32462,Dishwasher,2014-09-24 18:27:00,2014-09-24 19:58:00,2014-09-24 20:00:00,2014-09-24 21:31:00,SUCCESS,91.0,2761.15
house1_event_32464,Dishwasher,2014-09-25 08:43:00,2014-09-25 08:54:00,2014-09-25 13:00:00,2014-09-25 13:11:00,SUCCESS,11.0,332.05
house1_event_32465,Dishwasher,2014-09-25 18:09:00,2014-09-25 18:17:00,2014-09-25 20:00:00,2014-09-25 20:08:00,SUCCESS,8.0,264.13
house1_event_32466,Dishwasher,2014-09-25 19:29:00,2014-09-25 19:45:00,2014-09-25 20:16:00,2014-09-25 20:32:00,SUCCESS,16.0,461.48
house1_event_32467,Dishwasher,2014-09-26 09:07:00,2014-09-26 09:55:00,2014-09-26 13:00:00,2014-09-26 13:48:00,SUCCESS,48.0,1490.71
house1_event_32469,Dishwasher,2014-10-08 12:44:00,2014-10-08 13:33:00,2014-10-08 13:00:00,2014-10-08 13:49:00,SUCCESS,49.0,1474.61
house1_event_32470,Dishwasher,2014-10-08 19:31:00,2014-10-08 20:59:00,2014-10-08 20:00:00,2014-10-08 21:28:00,SUCCESS,88.0,2524.0
house1_event_32471,Dishwasher,2014-10-08 22:02:00,2014-10-08 22:41:00,2014-10-09 13:00:00,2014-10-09 13:39:00,SUCCESS,39.0,1119.09
house1_event_32472,Dishwasher,2014-10-09 08:29:00,2014-10-09 08:54:00,2014-10-09 13:39:00,2014-10-09 14:04:00,SUCCESS,25.0,645.74
house1_event_32473,Dishwasher,2014-10-09 19:24:00,2014-10-09 21:16:00,2014-10-09 20:00:00,2014-10-09 21:52:00,SUCCESS,112.0,3178.12
house1_event_32474,Dishwasher,2014-10-10 19:26:00,2014-10-10 20:25:00,2014-10-10 20:00:00,2014-10-10 20:59:00,SUCCESS,59.0,1663.9
house1_event_32475,Dishwasher,2014-10-11 19:47:00,2014-10-11 21:45:00,2014-10-11 20:00:00,2014-10-11 21:58:00,SUCCESS,118.0,3478.83
house1_event_32476,Dishwasher,2014-10-12 12:50:00,2014-10-12 15:06:00,2014-10-12 13:00:00,2014-10-12 15:16:00,SUCCESS,136.0,3862.91
house1_event_32477,Dishwasher,2014-10-12 18:15:00,2014-10-12 19:35:00,2014-10-12 20:00:00,2014-10-12 21:20:00,SUCCESS,80.0,2244.91
house1_event_32479,Dishwasher,2014-10-13 19:33:00,2014-10-13 21:02:00,2014-10-13 20:00:00,2014-10-13 21:29:00,SUCCESS,89.0,2495.13
house1_event_32480,Dishwasher,2014-10-14 20:20:00,2014-10-14 22:10:00,2014-10-14 20:25:00,2014-10-14 22:15:00,SUCCESS,110.0,3284.61
house1_event_32481,Dishwasher,2014-10-14 22:18:00,2014-10-14 23:28:00,2014-10-15 13:00:00,2014-10-15 14:10:00,SUCCESS,70.0,2458.46
house1_event_32482,Dishwasher,2014-10-15 19:16:00,2014-10-15 23:42:00,2014-10-16 13:00:00,2014-10-16 17:26:00,SUCCESS,266.0,7496.44
house1_event_32483,Dishwasher,2014-10-16 19:33:00,2014-10-16 20:26:00,2014-10-16 20:00:00,2014-10-16 20:53:00,SUCCESS,53.0,1447.87
house1_event_32485,Dishwasher,2014-10-18 17:18:00,2014-10-18 21:19:00,2014-10-19 13:00:00,2014-10-19 17:01:00,SUCCESS,241.0,7203.2
house1_event_32486,Dishwasher,2014-10-19 15:14:00,2014-10-19 17:40:00,2014-10-20 06:00:00,2014-10-20 08:26:00,SUCCESS,146.0,4102.99
house1_event_32487,Dishwasher,2014-10-19 18:08:00,2014-10-19 18:31:00,2014-10-19 20:00:00,2014-10-19 20:23:00,SUCCESS,23.0,626.19
house1_event_32488,Dishwasher,2014-10-19 18:49:00,2014-10-19 20:49:00,2014-10-20 08:26:00,2014-10-20 10:26:00,SUCCESS,120.0,3459.91
house1_event_32489,Dishwasher,2014-10-20 19:30:00,2014-10-20 20:36:00,2014-10-20 20:00:00,2014-10-20 21:06:00,SUCCESS,66.0,1869.53
house1_event_32490,Dishwasher,2014-10-22 16:05:00,2014-10-22 16:32:00,2014-10-22 20:00:00,2014-10-22 20:27:00,SUCCESS,27.0,771.72
house1_event_32491,Dishwasher,2014-10-23 19:20:00,2014-10-23 20:11:00,2014-10-23 20:00:00,2014-10-23 20:51:00,SUCCESS,51.0,1480.09
house1_event_32493,Dishwasher,2014-10-24 22:57:00,2014-10-24 23:08:00,2014-10-25 13:00:00,2014-10-25 13:11:00,SUCCESS,11.0,347.83
house1_event_32494,Dishwasher,2014-10-25 22:34:00,2014-10-25 23:57:00,2014-10-26 13:00:00,2014-10-26 14:23:00,SUCCESS,83.0,2288.53
house1_event_32495,Dishwasher,2014-10-26 16:52:00,2014-10-26 20:54:00,2014-10-27 13:00:00,2014-10-27 17:02:00,SUCCESS,242.0,6741.0
house1_event_32496,Dishwasher,2014-10-29 12:27:00,2014-10-29 13:09:00,2014-10-29 13:00:00,2014-10-29 13:42:00,SUCCESS,42.0,1320.49
house1_event_32497,Dishwasher,2014-10-29 19:30:00,2014-10-29 20:59:00,2014-10-29 20:00:00,2014-10-29 21:29:00,SUCCESS,89.0,2522.71
house1_event_32498,Dishwasher,2014-11-01 09:27:00,2014-11-01 10:25:00,2014-11-01 13:00:00,2014-11-01 13:58:00,SUCCESS,58.0,1570.25
house1_event_32499,Dishwasher,2014-11-01 16:17:00,2014-11-01 17:42:00,2014-11-01 20:00:00,2014-11-01 21:25:00,SUCCESS,85.0,2410.17
house1_event_32500,Dishwasher,2014-11-02 17:36:00,2014-11-02 18:57:00,2014-11-02 20:00:00,2014-11-02 21:21:00,SUCCESS,81.0,2310.96
house1_event_32501,Dishwasher,2014-11-02 18:58:00,2014-11-02 20:23:00,2014-11-02 22:00:00,2014-11-02 23:25:00,SUCCESS,85.0,2463.64
house1_event_32502,Dishwasher,2014-11-09 22:25:00,2014-11-09 23:11:00,2014-11-10 13:00:00,2014-11-10 13:46:00,SUCCESS,46.0,1403.99
house1_event_32503,Dishwasher,2014-11-10 19:22:00,2014-11-10 20:58:00,2014-11-10 20:00:00,2014-11-10 21:36:00,SUCCESS,96.0,2833.74
house1_event_32506,Dishwasher,2014-11-12 12:07:00,2014-11-12 13:09:00,2014-11-12 13:00:00,2014-11-12 14:02:00,SUCCESS,62.0,1859.47
house1_event_32507,Dishwasher,2014-11-12 19:38:00,2014-11-12 22:35:00,2014-11-12 20:00:00,2014-11-12 22:57:00,SUCCESS,177.0,5338.44
house1_event_32508,Dishwasher,2014-11-13 22:28:00,2014-11-13 23:52:00,2014-11-14 13:00:00,2014-11-14 14:24:00,SUCCESS,84.0,2456.89
house1_event_32510,Dishwasher,2014-11-15 09:00:00,2014-11-15 09:10:00,2014-11-15 13:00:00,2014-11-15 13:10:00,SUCCESS,10.0,312.44
house1_event_32512,Dishwasher,2014-11-15 15:37:00,2014-11-15 17:09:00,2014-11-15 15:42:00,2014-11-15 17:14:00,SUCCESS,92.0,2657.54
house1_event_32513,Dishwasher,2014-11-15 17:44:00,2014-11-15 18:37:00,2014-11-15 20:00:00,2014-11-15 20:53:00,SUCCESS,53.0,1555.76
house1_event_32514,Dishwasher,2014-11-16 16:34:00,2014-11-16 18:00:00,2014-11-16 20:00:00,2014-11-16 21:26:00,SUCCESS,86.0,2524.93
house1_event_32515,Dishwasher,2014-11-16 19:19:00,2014-11-16 20:06:00,2014-11-17 13:00:00,2014-11-17 13:47:00,SUCCESS,47.0,1424.92
house1_event_32516,Dishwasher,2014-11-18 12:55:00,2014-11-18 13:12:00,2014-11-18 13:00:00,2014-11-18 13:17:00,SUCCESS,17.0,469.01
house1_event_32518,Dishwasher,2014-11-20 22:10:00,2014-11-20 23:09:00,2014-11-21 13:00:00,2014-11-21 13:59:00,SUCCESS,59.0,1615.19
house1_event_32519,Dishwasher,2014-11-21 22:50:00,2014-11-21 23:54:00,2014-11-22 13:00:00,2014-11-22 14:04:00,SUCCESS,64.0,1785.73
house1_event_32520,Dishwasher,2014-11-22 23:15:00,2014-11-23 00:17:00,2014-11-23 13:00:00,2014-11-23 14:02:00,SUCCESS,62.0,1657.27
house1_event_32522,Dishwasher,2014-11-23 15:44:00,2014-11-23 16:47:00,2014-11-23 20:57:00,2014-11-23 22:00:00,SUCCESS,63.0,1705.89
house1_event_32523,Dishwasher,2014-11-23 19:18:00,2014-11-23 20:15:00,2014-11-23 20:00:00,2014-11-23 20:57:00,SUCCESS,57.0,1518.15
house1_event_32524,Dishwasher,2014-11-23 22:43:00,2014-11-23 23:31:00,2014-11-24 13:00:00,2014-11-24 13:48:00,SUCCESS,48.0,1329.87
house1_event_32525,Dishwasher,2014-11-24 19:39:00,2014-11-24 21:06:00,2014-11-24 20:00:00,2014-11-24 21:27:00,SUCCESS,87.0,2349.68
house1_event_32526,Dishwasher,2014-11-26 11:43:00,2014-11-26 12:05:00,2014-11-26 13:00:00,2014-11-26 13:22:00,SUCCESS,22.0,701.79
house1_event_32527,Dishwasher,2014-11-26 12:09:00,2014-11-26 12:19:00,2014-11-26 13:22:00,2014-11-26 13:32:00,SUCCESS,10.0,312.33
house1_event_32528,Dishwasher,2014-11-26 15:20:00,2014-11-26 16:06:00,2014-11-26 15:25:00,2014-11-26 16:11:00,SUCCESS,46.0,1371.85
house1_event_32529,Dishwasher,2014-11-26 19:20:00,2014-11-26 21:59:00,2014-11-26 20:00:00,2014-11-26 22:39:00,SUCCESS,159.0,4652.2
house1_event_32530,Dishwasher,2014-11-27 19:33:00,2014-11-27 21:00:00,2014-11-27 20:00:00,2014-11-27 21:27:00,SUCCESS,87.0,2518.99
house1_event_32531,Dishwasher,2014-11-28 18:55:00,2014-11-28 19:33:00,2014-11-28 20:00:00,2014-11-28 20:38:00,SUCCESS,38.0,1129.16
house1_event_32532,Dishwasher,2014-11-28 19:36:00,2014-11-28 20:29:00,2014-11-28 20:53:00,2014-11-28 21:46:00,SUCCESS,53.0,1431.96
house1_event_32534,Dishwasher,2014-11-29 09:54:00,2014-11-29 10:18:00,2014-11-29 13:00:00,2014-11-29 13:24:00,SUCCESS,24.0,750.7
house1_event_32535,Dishwasher,2014-11-30 10:53:00,2014-11-30 11:42:00,2014-11-30 13:00:00,2014-11-30 13:49:00,SUCCESS,49.0,1417.88
house1_event_32537,Dishwasher,2014-11-30 22:00:00,2014-11-30 22:47:00,2014-12-01 13:00:00,2014-12-01 13:47:00,SUCCESS,47.0,1220.84
house1_event_32538,Dishwasher,2014-12-01 19:18:00,2014-12-01 21:03:00,2014-12-01 20:00:00,2014-12-01 21:45:00,SUCCESS,105.0,3019.39
house1_event_32540,Dishwasher,2014-12-02 22:06:00,2014-12-02 22:12:00,2014-12-03 13:00:00,2014-12-03 13:06:00,SUCCESS,6.0,157.0
house1_event_32541,Dishwasher,2014-12-03 11:00:00,2014-12-03 12:32:00,2014-12-03 20:00:00,2014-12-03 21:32:00,SUCCESS,92.0,2566.78
house1_event_32542,Dishwasher,2014-12-03 12:38:00,2014-12-03 13:22:00,2014-12-03 14:32:00,2014-12-03 15:16:00,SUCCESS,44.0,1225.86
house1_event_32543,Dishwasher,2014-12-11 09:40:00,2014-12-11 10:58:00,2014-12-11 13:00:00,2014-12-11 14:18:00,SUCCESS,78.0,2467.23
house1_event_32544,Dishwasher,2014-12-11 11:19:00,2014-12-11 11:38:00,2014-12-11 14:18:00,2014-12-11 14:37:00,SUCCESS,19.0,558.46
house1_event_32546,Dishwasher,2014-12-11 15:45:00,2014-12-11 18:18:00,2014-12-11 15:50:00,2014-12-11 18:23:00,SUCCESS,153.0,4258.97
house1_event_32547,Dishwasher,2014-12-11 18:25:00,2014-12-11 20:26:00,2014-12-11 20:00:00,2014-12-11 22:01:00,SUCCESS,121.0,3590.17
house1_event_32550,Dishwasher,2014-12-12 22:07:00,2014-12-12 23:05:00,2014-12-13 13:00:00,2014-12-13 13:58:00,SUCCESS,58.0,1694.14
house1_event_32551,Dishwasher,2014-12-13 09:26:00,2014-12-13 09:33:00,2014-12-13 13:58:00,2014-12-13 14:05:00,SUCCESS,7.0,210.01
house1_event_32552,Dishwasher,2014-12-13 17:51:00,2014-12-13 18:59:00,2014-12-13 20:00:00,2014-12-13 21:08:00,SUCCESS,68.0,2023.35
house1_event_32553,Dishwasher,2014-12-14 15:19:00,2014-12-14 18:48:00,2014-12-14 15:24:00,2014-12-14 18:53:00,SUCCESS,209.0,6165.85
house1_event_32554,Dishwasher,2014-12-14 21:47:00,2014-12-14 22:33:00,2014-12-14 21:52:00,2014-12-14 22:38:00,SUCCESS,46.0,1266.26
house1_event_32555,Dishwasher,2014-12-16 19:39:00,2014-12-16 20:30:00,2014-12-16 20:00:00,2014-12-16 20:51:00,SUCCESS,51.0,1488.3
house1_event_32556,Dishwasher,2014-12-16 21:28:00,2014-12-16 22:13:00,2014-12-16 21:33:00,2014-12-16 22:18:00,SUCCESS,45.0,1270.19
house1_event_32557,Dishwasher,2014-12-17 19:20:00,2014-12-17 21:52:00,2014-12-17 20:00:00,2014-12-17 22:32:00,SUCCESS,152.0,4664.92
house1_event_32558,Dishwasher,2014-12-17 22:39:00,2014-12-17 23:10:00,2014-12-18 13:00:00,2014-12-18 13:31:00,SUCCESS,31.0,933.85
house1_event_32559,Dishwasher,2014-12-20 19:08:00,2014-12-20 20:25:00,2014-12-20 20:00:00,2014-12-20 21:17:00,SUCCESS,77.0,2266.13
house1_event_32560,Dishwasher,2014-12-21 17:19:00,2014-12-21 19:05:00,2014-12-21 20:00:00,2014-12-21 21:46:00,SUCCESS,106.0,3115.17
house1_event_32563,Dishwasher,2014-12-23 23:37:00,2014-12-24 00:09:00,2014-12-24 13:00:00,2014-12-24 13:32:00,SUCCESS,32.0,1018.22
house1_event_32564,Dishwasher,2014-12-24 12:17:00,2014-12-24 12:43:00,2014-12-24 13:32:00,2014-12-24 13:58:00,SUCCESS,26.0,726.65
house1_event_32565,Dishwasher,2014-12-24 17:32:00,2014-12-24 18:18:00,2014-12-24 20:00:00,2014-12-24 20:46:00,SUCCESS,46.0,1315.4
house1_event_32566,Dishwasher,2014-12-25 23:27:00,2014-12-26 00:38:00,2014-12-26 13:00:00,2014-12-26 14:11:00,SUCCESS,71.0,2105.39
house1_event_32567,Dishwasher,2014-12-26 12:00:00,2014-12-26 13:11:00,2014-12-26 14:11:00,2014-12-26 15:22:00,SUCCESS,71.0,2084.84
house1_event_32568,Dishwasher,2014-12-26 16:28:00,2014-12-26 16:52:00,2014-12-26 20:00:00,2014-12-26 20:24:00,SUCCESS,24.0,644.52
house1_event_32569,Dishwasher,2014-12-26 23:07:00,2014-12-27 00:40:00,2014-12-27 13:00:00,2014-12-27 14:33:00,SUCCESS,93.0,2701.62
house1_event_32571,Dishwasher,2014-12-27 15:45:00,2014-12-27 17:40:00,2014-12-27 15:50:00,2014-12-27 17:45:00,SUCCESS,115.0,3309.84
house1_event_32572,Dishwasher,2014-12-27 18:21:00,2014-12-27 19:54:00,2014-12-27 20:00:00,2014-12-27 21:33:00,SUCCESS,93.0,2664.94
house1_event_32573,Dishwasher,2014-12-28 00:16:00,2014-12-28 00:38:00,2014-12-28 13:00:00,2014-12-28 13:22:00,SUCCESS,22.0,655.72
house1_event_32575,Dishwasher,2014-12-28 15:09:00,2014-12-28 17:30:00,2014-12-28 15:14:00,2014-12-28 17:35:00,SUCCESS,141.0,4074.19
house1_event_32576,Dishwasher,2014-12-29 19:51:00,2014-12-29 21:34:00,2014-12-29 20:00:00,2014-12-29 21:43:00,SUCCESS,103.0,3039.03
house1_event_32577,Dishwasher,2014-12-29 22:16:00,2014-12-29 22:34:00,2014-12-30 13:00:00,2014-12-30 13:18:00,SUCCESS,18.0,505.81
house1_event_32578,Dishwasher,2014-12-29 23:35:00,2014-12-30 00:14:00,2014-12-30 06:00:00,2014-12-30 06:39:00,SUCCESS,39.0,1109.25
house1_event_32580,Dishwasher,2014-12-30 14:38:00,2014-12-30 16:21:00,2014-12-30 14:43:00,2014-12-30 16:26:00,SUCCESS,103.0,2921.47
house1_event_32582,Dishwasher,2014-12-30 16:30:00,2014-12-30 19:01:00,2014-12-30 20:00:00,2014-12-30 22:31:00,SUCCESS,151.0,4587.05
house1_event_32584,Dishwasher,2014-12-31 10:26:00,2014-12-31 10:50:00,2014-12-31 13:00:00,2014-12-31 13:24:00,SUCCESS,24.0,648.13
house1_event_32585,Dishwasher,2015-01-05 15:15:00,2015-01-05 18:19:00,2015-01-05 15:20:00,2015-01-05 18:24:00,SUCCESS,184.0,5418.66
house1_event_32586,Dishwasher,2015-01-05 22:39:00,2015-01-05 22:58:00,2015-01-06 13:00:00,2015-01-06 13:19:00,SUCCESS,19.0,550.34
house1_event_32587,Dishwasher,2015-01-06 19:15:00,2015-01-06 20:33:00,2015-01-06 20:00:00,2015-01-06 21:18:00,SUCCESS,78.0,2582.01
house1_event_32588,Dishwasher,2015-01-07 00:00:00,2015-01-07 00:48:00,2015-01-07 13:00:00,2015-01-07 13:48:00,SUCCESS,48.0,1650.96
house1_event_32589,Dishwasher,2015-01-07 16:23:00,2015-01-07 20:08:00,2015-01-08 13:00:00,2015-01-08 16:45:00,SUCCESS,225.0,6633.35
house1_event_32591,Dishwasher,2015-01-08 16:29:00,2015-01-08 17:50:00,2015-01-08 20:00:00,2015-01-08 21:21:00,SUCCESS,81.0,2321.7
house1_event_32592,Dishwasher,2015-01-08 18:50:00,2015-01-08 19:30:00,2015-01-09 13:00:00,2015-01-09 13:40:00,SUCCESS,40.0,1055.86
house1_event_32593,Dishwasher,2015-01-09 11:38:00,2015-01-09 11:46:00,2015-01-09 13:00:00,2015-01-09 13:08:00,SUCCESS,8.0,221.95
house1_event_32594,Dishwasher,2015-01-09 15:23:00,2015-01-09 16:39:00,2015-01-09 15:28:00,2015-01-09 16:44:00,SUCCESS,76.0,2369.54
house1_event_32595,Dishwasher,2015-01-09 17:47:00,2015-01-09 18:49:00,2015-01-09 20:00:00,2015-01-09 21:02:00,SUCCESS,62.0,1685.15
house1_event_32596,Dishwasher,2015-01-10 13:02:00,2015-01-10 17:10:00,2015-01-10 13:07:00,2015-01-10 17:15:00,SUCCESS,248.0,7188.66
house1_event_32597,Dishwasher,2015-01-11 11:12:00,2015-01-11 13:21:00,2015-01-11 13:00:00,2015-01-11 15:09:00,SUCCESS,129.0,3477.38
house1_event_32600,Dishwasher,2015-01-11 15:33:00,2015-01-11 17:45:00,2015-01-11 15:38:00,2015-01-11 17:50:00,SUCCESS,132.0,4186.4
house1_event_32601,Dishwasher,2015-01-11 17:48:00,2015-01-11 18:50:00,2015-01-11 20:00:00,2015-01-11 21:02:00,SUCCESS,62.0,1915.28
house1_event_32602,Dishwasher,2015-01-12 09:36:00,2015-01-12 09:55:00,2015-01-12 13:00:00,2015-01-12 13:19:00,SUCCESS,19.0,613.32
house1_event_32603,Dishwasher,2015-01-12 17:51:00,2015-01-12 19:34:00,2015-01-12 20:00:00,2015-01-12 21:43:00,SUCCESS,103.0,3037.18
house1_event_32604,Dishwasher,2015-01-12 19:48:00,2015-01-12 20:45:00,2015-01-13 13:00:00,2015-01-13 13:57:00,SUCCESS,57.0,1714.58
house1_event_32605,Dishwasher,2015-01-13 17:32:00,2015-01-13 18:51:00,2015-01-13 20:00:00,2015-01-13 21:19:00,SUCCESS,79.0,2354.57
house1_event_32606,Dishwasher,2015-01-14 11:01:00,2015-01-14 11:16:00,2015-01-14 13:00:00,2015-01-14 13:15:00,SUCCESS,15.0,429.22
house1_event_32608,Dishwasher,2015-01-14 15:36:00,2015-01-14 20:19:00,2015-01-14 15:41:00,2015-01-14 20:24:00,SUCCESS,283.0,8404.61
house1_event_32609,Dishwasher,2015-01-14 22:26:00,2015-01-14 22:59:00,2015-01-15 13:00:00,2015-01-15 13:33:00,SUCCESS,33.0,916.75
house1_event_32610,Dishwasher,2015-01-15 09:32:00,2015-01-15 09:37:00,2015-01-15 13:33:00,2015-01-15 13:38:00,SUCCESS,5.0,171.44
house1_event_32611,Dishwasher,2015-01-15 16:47:00,2015-01-15 21:33:00,2015-01-16 13:00:00,2015-01-16 17:46:00,SUCCESS,286.0,8420.85
house1_event_32612,Dishwasher,2015-01-15 22:19:00,2015-01-15 23:11:00,2015-01-15 22:24:00,2015-01-15 23:16:00,SUCCESS,52.0,1408.67
house1_event_32613,Dishwasher,2015-01-16 08:37:00,2015-01-16 09:51:00,2015-01-16 08:42:00,2015-01-16 09:56:00,SUCCESS,74.0,2102.14
house1_event_32615,Dishwasher,2015-01-16 10:23:00,2015-01-16 11:01:00,2015-01-17 13:00:00,2015-01-17 13:38:00,SUCCESS,38.0,1055.66
house1_event_32616,Dishwasher,2015-01-16 11:21:00,2015-01-16 11:53:00,2015-01-16 11:26:00,2015-01-16 11:58:00,SUCCESS,32.0,932.54
house1_event_32617,Dishwasher,2015-01-16 16:47:00,2015-01-16 20:05:00,2015-01-16 20:00:00,2015-01-16 23:18:00,SUCCESS,198.0,5787.82
house1_event_32619,Dishwasher,2015-01-17 22:08:00,2015-01-18 00:18:00,2015-01-18 13:00:00,2015-01-18 15:10:00,SUCCESS,130.0,4009.52
house1_event_32620,Dishwasher,2015-01-18 09:01:00,2015-01-18 10:02:00,2015-01-18 09:06:00,2015-01-18 10:07:00,SUCCESS,61.0,1759.06
house1_event_32623,Dishwasher,2015-01-18 16:03:00,2015-01-18 18:25:00,2015-01-18 20:00:00,2015-01-18 22:22:00,SUCCESS,142.0,4014.47
house1_event_32625,Dishwasher,2015-01-18 22:33:00,2015-01-19 00:20:00,2015-01-19 13:00:00,2015-01-19 14:47:00,SUCCESS,107.0,3135.42
house1_event_32626,Dishwasher,2015-01-19 19:34:00,2015-01-19 21:17:00,2015-01-19 20:00:00,2015-01-19 21:43:00,SUCCESS,103.0,2862.66
house1_event_32628,Dishwasher,2015-01-20 11:52:00,2015-01-20 13:25:00,2015-01-20 13:00:00,2015-01-20 14:33:00,SUCCESS,93.0,2844.54
house1_event_32629,Dishwasher,2015-01-20 14:39:00,2015-01-20 16:21:00,2015-01-20 14:44:00,2015-01-20 16:26:00,SUCCESS,102.0,2979.0
house1_event_32630,Dishwasher,2015-01-21 09:28:00,2015-01-21 10:11:00,2015-01-21 13:00:00,2015-01-21 13:43:00,SUCCESS,43.0,1323.34
house1_event_32631,Dishwasher,2015-01-21 10:15:00,2015-01-21 12:26:00,2015-01-21 10:20:00,2015-01-21 12:31:00,SUCCESS,131.0,3680.58
house1_event_32635,Dishwasher,2015-01-22 16:10:00,2015-01-22 17:54:00,2015-01-22 20:00:00,2015-01-22 21:44:00,SUCCESS,104.0,3111.56
house1_event_32636,Dishwasher,2015-01-22 18:57:00,2015-01-22 20:12:00,2015-01-22 22:00:00,2015-01-22 23:15:00,SUCCESS,75.0,2088.2
house1_event_32637,Dishwasher,2015-01-23 10:01:00,2015-01-23 10:45:00,2015-01-23 13:00:00,2015-01-23 13:44:00,SUCCESS,44.0,1348.85
house1_event_32638,Dishwasher,2015-01-23 11:15:00,2015-01-23 13:30:00,2015-01-23 16:06:00,2015-01-23 18:21:00,SUCCESS,135.0,3850.83
house1_event_32640,Dishwasher,2015-01-23 15:05:00,2015-01-23 16:01:00,2015-01-24 13:00:00,2015-01-24 13:56:00,SUCCESS,56.0,1516.89
house1_event_32641,Dishwasher,2015-01-23 16:07:00,2015-01-23 17:12:00,2015-01-23 20:00:00,2015-01-23 21:05:00,SUCCESS,65.0,1987.63
house1_event_32643,Dishwasher,2015-01-24 11:34:00,2015-01-24 13:05:00,2015-01-24 13:00:00,2015-01-24 14:31:00,SUCCESS,91.0,2708.57
house1_event_32644,Dishwasher,2015-01-24 15:48:00,2015-01-24 17:08:00,2015-01-24 15:53:00,2015-01-24 17:13:00,SUCCESS,80.0,2394.9
house1_event_32645,Dishwasher,2015-01-24 17:38:00,2015-01-24 18:20:00,2015-01-24 20:00:00,2015-01-24 20:42:00,SUCCESS,42.0,1190.54
house1_event_32646,Dishwasher,2015-01-24 18:27:00,2015-01-24 19:18:00,2015-01-24 20:51:00,2015-01-24 21:42:00,SUCCESS,51.0,1457.61
house1_event_32648,Dishwasher,2015-01-24 22:26:00,2015-01-24 23:30:00,2015-01-25 13:00:00,2015-01-25 14:04:00,SUCCESS,64.0,1893.08
house1_event_32649,Dishwasher,2015-01-26 09:54:00,2015-01-26 11:06:00,2015-01-26 13:00:00,2015-01-26 14:12:00,SUCCESS,72.0,2240.38
house1_event_32650,Dishwasher,2015-01-26 11:21:00,2015-01-26 12:58:00,2015-01-26 16:00:00,2015-01-26 17:37:00,SUCCESS,97.0,2849.78
house1_event_32652,Dishwasher,2015-01-26 16:44:00,2015-01-26 19:16:00,2015-01-26 20:00:00,2015-01-26 22:32:00,SUCCESS,152.0,4379.76
house1_event_32653,Dishwasher,2015-01-26 19:19:00,2015-01-26 20:30:00,2015-01-27 06:00:00,2015-01-27 07:11:00,SUCCESS,71.0,1946.34
house1_event_32654,Dishwasher,2015-01-26 22:16:00,2015-01-26 22:28:00,2015-01-27 13:00:00,2015-01-27 13:12:00,SUCCESS,12.0,314.61
house1_event_32655,Dishwasher,2015-01-26 22:45:00,2015-01-26 23:28:00,2015-01-27 06:00:00,2015-01-27 06:43:00,SUCCESS,43.0,1163.48
house1_event_32656,Dishwasher,2015-01-27 17:09:00,2015-01-27 17:36:00,2015-01-27 20:00:00,2015-01-27 20:27:00,SUCCESS,27.0,792.75
house1_event_32657,Dishwasher,2015-01-27 17:38:00,2015-01-27 18:37:00,2015-01-28 13:00:00,2015-01-28 13:59:00,SUCCESS,59.0,1816.37
house1_event_32659,Dishwasher,2015-01-27 22:54:00,2015-01-27 23:29:00,2015-01-28 13:00:00,2015-01-28 13:35:00,SUCCESS,35.0,1032.55
house1_event_32660,Dishwasher,2015-01-28 10:14:00,2015-01-28 11:35:00,2015-01-28 14:21:00,2015-01-28 15:42:00,SUCCESS,81.0,2354.54
house1_event_32661,Dishwasher,2015-01-28 19:22:00,2015-01-28 20:27:00,2015-01-28 20:00:00,2015-01-28 21:05:00,SUCCESS,65.0,1939.75
house1_event_32662,Dishwasher,2015-01-29 10:34:00,2015-01-29 12:29:00,2015-01-29 13:00:00,2015-01-29 14:55:00,SUCCESS,115.0,3227.91
house1_event_32663,Dishwasher,2015-01-29 12:40:00,2015-01-29 12:46:00,2015-01-29 14:55:00,2015-01-29 15:01:00,SUCCESS,6.0,150.98
house1_event_32664,Dishwasher,2015-01-29 15:14:00,2015-01-29 17:22:00,2015-01-29 15:19:00,2015-01-29 17:27:00,SUCCESS,128.0,293.27
house1_event_32665,Dishwasher,2015-01-29 19:05:00,2015-01-29 20:33:00,2015-01-29 20:00:00,2015-01-29 21:28:00,SUCCESS,88.0,2640.96
house1_event_32666,Dishwasher,2015-01-29 23:07:00,2015-01-29 23:35:00,2015-01-30 13:00:00,2015-01-30 13:28:00,SUCCESS,28.0,913.19
house1_event_32667,Dishwasher,2015-01-30 11:40:00,2015-01-30 13:28:00,2015-01-30 16:00:00,2015-01-30 17:48:00,SUCCESS,108.0,3430.22
house1_event_32668,Dishwasher,2015-01-30 17:00:00,2015-01-30 18:02:00,2015-01-30 20:00:00,2015-01-30 21:02:00,SUCCESS,62.0,1796.82
house1_event_32669,Dishwasher,2015-01-30 18:41:00,2015-01-30 19:24:00,2015-01-30 21:02:00,2015-01-30 21:45:00,SUCCESS,43.0,1164.67
house1_event_32671,Dishwasher,2015-01-31 11:41:00,2015-01-31 13:17:00,2015-01-31 13:00:00,2015-01-31 14:36:00,SUCCESS,96.0,2709.55
house1_event_32673,Dishwasher,2015-01-31 14:54:00,2015-01-31 16:46:00,2015-01-31 14:59:00,2015-01-31 16:51:00,SUCCESS,112.0,3272.92
house1_event_32674,Dishwasher,2015-01-31 17:12:00,2015-01-31 18:17:00,2015-01-31 20:00:00,2015-01-31 21:05:00,SUCCESS,65.0,1961.73
house1_event_32675,Dishwasher,2015-02-01 00:15:00,2015-02-01 00:51:00,2015-02-01 13:00:00,2015-02-01 13:36:00,SUCCESS,36.0,1092.09
house1_event_32676,Dishwasher,2015-02-01 12:30:00,2015-02-01 13:19:00,2015-02-01 13:49:00,2015-02-01 14:38:00,SUCCESS,49.0,1380.07
house1_event_32678,Dishwasher,2015-02-01 17:00:00,2015-02-01 18:54:00,2015-02-01 20:00:00,2015-02-01 21:54:00,SUCCESS,114.0,3209.01
house1_event_32679,Dishwasher,2015-02-02 09:56:00,2015-02-02 10:42:00,2015-02-02 13:00:00,2015-02-02 13:46:00,SUCCESS,46.0,1332.01
house1_event_32680,Dishwasher,2015-02-02 11:36:00,2015-02-02 12:03:00,2015-02-02 13:46:00,2015-02-02 14:13:00,SUCCESS,27.0,774.99
house1_event_32681,Dishwasher,2015-02-02 18:23:00,2015-02-02 19:54:00,2015-02-02 20:00:00,2015-02-02 21:31:00,SUCCESS,91.0,2624.87
house1_event_32682,Dishwasher,2015-02-03 09:57:00,2015-02-03 11:26:00,2015-02-03 13:00:00,2015-02-03 14:29:00,SUCCESS,89.0,2594.23
house1_event_32683,Dishwasher,2015-02-03 23:44:00,2015-02-03 23:53:00,2015-02-04 13:00:00,2015-02-04 13:09:00,SUCCESS,9.0,269.35
house1_event_32684,Dishwasher,2015-02-04 15:59:00,2015-02-04 18:40:00,2015-02-04 20:00:00,2015-02-04 22:41:00,SUCCESS,161.0,4489.74
house1_event_32685,Dishwasher,2015-02-04 19:22:00,2015-02-04 20:37:00,2015-02-05 06:00:00,2015-02-05 07:15:00,SUCCESS,75.0,2048.26
house1_event_32686,Dishwasher,2015-02-04 23:29:00,2015-02-05 00:14:00,2015-02-05 13:00:00,2015-02-05 13:45:00,SUCCESS,45.0,1343.08
house1_event_32687,Dishwasher,2015-02-05 10:57:00,2015-02-05 11:57:00,2015-02-05 14:00:00,2015-02-05 15:00:00,SUCCESS,60.0,1647.03
house1_event_32688,Dishwasher,2015-02-05 16:05:00,2015-02-05 19:20:00,2015-02-05 20:00:00,2015-02-05 23:15:00,SUCCESS,195.0,5824.79
house1_event_32690,Dishwasher,2015-02-06 10:08:00,2015-02-06 17:01:00,2015-02-06 13:00:00,2015-02-06 19:53:00,SUCCESS,413.0,11938.9
house1_event_32691,Dishwasher,2015-02-07 11:57:00,2015-02-07 12:59:00,2015-02-07 13:00:00,2015-02-07 14:02:00,SUCCESS,62.0,1703.81
house1_event_32692,Dishwasher,2015-02-07 18:33:00,2015-02-07 19:49:00,2015-02-07 20:00:00,2015-02-07 21:16:00,SUCCESS,76.0,2442.33
house1_event_32693,Dishwasher,2015-02-07 22:53:00,2015-02-07 23:51:00,2015-02-08 13:00:00,2015-02-08 13:58:00,SUCCESS,58.0,1769.63
house1_event_32694,Dishwasher,2015-02-08 10:27:00,2015-02-08 12:45:00,2015-02-08 10:32:00,2015-02-08 12:50:00,SUCCESS,138.0,4036.62
house1_event_32695,Dishwasher,2015-02-09 09:33:00,2015-02-09 10:49:00,2015-02-09 13:00:00,2015-02-09 14:16:00,SUCCESS,76.0,2270.74
house1_event_32696,Dishwasher,2015-02-09 11:41:00,2015-02-09 12:16:00,2015-02-09 14:16:00,2015-02-09 14:51:00,SUCCESS,35.0,943.75
house1_event_32697,Dishwasher,2015-02-09 17:43:00,2015-02-09 19:33:00,2015-02-09 20:00:00,2015-02-09 21:50:00,SUCCESS,110.0,3194.14
house1_event_32699,Dishwasher,2015-02-10 11:46:00,2015-02-10 15:28:00,2015-02-10 13:00:00,2015-02-10 16:42:00,SUCCESS,222.0,6435.66
house1_event_32700,Dishwasher,2015-02-10 15:43:00,2015-02-10 17:07:00,2015-02-10 17:12:00,2015-02-10 18:36:00,SUCCESS,84.0,2387.11
house1_event_32701,Dishwasher,2015-02-10 17:17:00,2015-02-10 19:32:00,2015-02-10 20:00:00,2015-02-10 22:15:00,SUCCESS,135.0,3943.83
house1_event_32703,Dishwasher,2015-02-12 09:55:00,2015-02-12 10:37:00,2015-02-12 13:00:00,2015-02-12 13:42:00,SUCCESS,42.0,1397.23
house1_event_32704,Dishwasher,2015-02-12 16:05:00,2015-02-12 19:07:00,2015-02-12 20:00:00,2015-02-12 23:02:00,SUCCESS,182.0,5416.28
house1_event_32705,Dishwasher,2015-02-13 10:02:00,2015-02-13 18:05:00,2015-02-13 13:00:00,2015-02-13 21:03:00,SUCCESS,483.0,14292.51
house1_event_32706,Dishwasher,2015-02-15 09:46:00,2015-02-15 11:00:00,2015-02-15 13:00:00,2015-02-15 14:14:00,SUCCESS,74.0,2186.05
house1_event_32707,Dishwasher,2015-02-15 11:06:00,2015-02-15 12:39:00,2015-02-15 20:00:00,2015-02-15 21:33:00,SUCCESS,93.0,2544.91
house1_event_32710,Dishwasher,2015-02-15 16:44:00,2015-02-15 20:58:00,2015-02-16 13:00:00,2015-02-16 17:14:00,SUCCESS,254.0,7937.25
house1_event_32711,Dishwasher,2015-02-16 09:06:00,2015-02-16 10:46:00,2015-02-16 09:11:00,2015-02-16 10:51:00,SUCCESS,100.0,3372.1
house1_event_32712,Dishwasher,2015-02-16 10:51:00,2015-02-16 11:29:00,2015-02-17 13:00:00,2015-02-17 13:38:00,SUCCESS,38.0,1065.24
house1_event_32713,Dishwasher,2015-02-16 17:37:00,2015-02-16 19:07:00,2015-02-16 20:00:00,2015-02-16 21:30:00,SUCCESS,90.0,2647.63
house1_event_32714,Dishwasher,2015-02-18 08:56:00,2015-02-18 10:03:00,2015-02-18 13:00:00,2015-02-18 14:07:00,SUCCESS,67.0,1951.74
house1_event_32716,Dishwasher,2015-02-18 21:41:00,2015-02-18 22:14:00,2015-02-18 21:46:00,2015-02-18 22:19:00,SUCCESS,33.0,979.24
house1_event_32717,Dishwasher,2015-02-19 10:11:00,2015-02-19 10:44:00,2015-02-19 13:00:00,2015-02-19 13:33:00,SUCCESS,33.0,836.01
house1_event_32718,Dishwasher,2015-02-19 10:49:00,2015-02-19 11:21:00,2015-02-19 13:33:00,2015-02-19 14:05:00,SUCCESS,32.0,916.89
house1_event_32719,Dishwasher,2015-02-19 16:37:00,2015-02-19 19:22:00,2015-02-19 20:00:00,2015-02-19 22:45:00,SUCCESS,165.0,4880.97
house1_event_32721,Dishwasher,2015-02-19 22:11:00,2015-02-19 23:29:00,2015-02-20 13:00:00,2015-02-20 14:18:00,SUCCESS,78.0,2303.11
house1_event_32723,Dishwasher,2015-02-20 18:26:00,2015-02-20 19:20:00,2015-02-20 20:54:00,2015-02-20 21:48:00,SUCCESS,54.0,1474.17
house1_event_32724,Dishwasher,2015-02-21 12:11:00,2015-02-21 14:05:00,2015-02-21 13:00:00,2015-02-21 14:54:00,SUCCESS,114.0,3302.43
house1_event_32726,Dishwasher,2015-02-21 15:45:00,2015-02-21 17:03:00,2015-02-21 15:50:00,2015-02-21 17:08:00,SUCCESS,78.0,2127.08
house1_event_32727,Dishwasher,2015-02-21 18:18:00,2015-02-21 19:10:00,2015-02-21 20:00:00,2015-02-21 20:52:00,SUCCESS,52.0,1455.57
house1_event_32728,Dishwasher,2015-02-21 19:11:00,2015-02-21 20:18:00,2015-02-21 22:00:00,2015-02-21 23:07:00,SUCCESS,67.0,1763.38
house1_event_32729,Dishwasher,2015-02-22 10:06:00,2015-02-22 11:30:00,2015-02-22 13:00:00,2015-02-22 14:24:00,SUCCESS,84.0,2425.98
house1_event_32731,Dishwasher,2015-02-22 18:54:00,2015-02-22 19:32:00,2015-02-22 20:00:00,2015-02-22 20:38:00,SUCCESS,38.0,1196.62
house1_event_32732,Dishwasher,2015-02-23 09:01:00,2015-02-23 10:01:00,2015-02-23 13:00:00,2015-02-23 14:00:00,SUCCESS,60.0,1711.48
house1_event_32733,Dishwasher,2015-02-23 10:15:00,2015-02-23 11:27:00,2015-02-23 14:12:00,2015-02-23 15:24:00,SUCCESS,72.0,2154.84
house1_event_32734,Dishwasher,2015-02-23 11:44:00,2015-02-23 12:20:00,2015-02-23 15:24:00,2015-02-23 16:00:00,SUCCESS,36.0,1117.08
house1_event_32735,Dishwasher,2015-02-23 16:42:00,2015-02-23 20:36:00,2015-02-24 13:00:00,2015-02-24 16:54:00,SUCCESS,234.0,7068.72
house1_event_32736,Dishwasher,2015-02-24 09:37:00,2015-02-24 11:42:00,2015-02-24 09:42:00,2015-02-24 11:47:00,SUCCESS,125.0,3602.09
house1_event_32737,Dishwasher,2015-02-24 18:51:00,2015-02-24 19:27:00,2015-02-24 20:00:00,2015-02-24 20:36:00,SUCCESS,36.0,1053.5
house1_event_32739,Dishwasher,2015-02-25 09:48:00,2015-02-25 10:06:00,2015-02-25 13:00:00,2015-02-25 13:18:00,SUCCESS,18.0,497.21
house1_event_32741,Dishwasher,2015-02-26 12:28:00,2015-02-26 13:37:00,2015-02-26 13:00:00,2015-02-26 14:09:00,SUCCESS,69.0,2188.85
house1_event_32742,Dishwasher,2015-03-01 23:43:00,2015-03-01 23:55:00,2015-03-02 13:00:00,2015-03-02 13:12:00,SUCCESS,12.0,356.22
house1_event_32743,Dishwasher,2015-03-02 09:43:00,2015-03-02 10:49:00,2015-03-02 14:06:00,2015-03-02 15:12:00,SUCCESS,66.0,2026.71
house1_event_32744,Dishwasher,2015-03-02 11:24:00,2015-03-02 12:21:00,2015-03-03 13:00:00,2015-03-03 13:57:00,SUCCESS,57.0,1603.22
house1_event_32746,Dishwasher,2015-03-02 19:01:00,2015-03-02 20:55:00,2015-03-02 20:00:00,2015-03-02 21:54:00,SUCCESS,114.0,3418.35
house1_event_32747,Dishwasher,2015-03-03 09:29:00,2015-03-03 12:33:00,2015-03-03 13:00:00,2015-03-03 16:04:00,SUCCESS,184.0,5302.25
house1_event_32749,Dishwasher,2015-03-03 15:38:00,2015-03-03 18:04:00,2015-03-04 06:00:00,2015-03-04 08:26:00,SUCCESS,146.0,4132.86
house1_event_32750,Dishwasher,2015-03-04 08:34:00,2015-03-04 10:24:00,2015-03-04 13:00:00,2015-03-04 14:50:00,SUCCESS,110.0,3161.86
house1_event_32751,Dishwasher,2015-03-04 11:25:00,2015-03-04 12:30:00,2015-03-04 20:21:00,2015-03-04 21:26:00,SUCCESS,65.0,1845.19
house1_event_32752,Dishwasher,2015-03-04 13:17:00,2015-03-04 20:16:00,2015-03-05 06:00:00,2015-03-05 12:59:00,SUCCESS,419.0,12263.37
house1_event_32753,Dishwasher,2015-03-05 08:41:00,2015-03-05 09:10:00,2015-03-05 13:00:00,2015-03-05 13:29:00,SUCCESS,29.0,897.81
house1_event_32754,Dishwasher,2015-03-05 16:34:00,2015-03-05 18:34:00,2015-03-05 20:00:00,2015-03-05 22:00:00,SUCCESS,120.0,3526.84
house1_event_32755,Dishwasher,2015-03-05 18:55:00,2015-03-05 21:01:00,2015-03-06 06:00:00,2015-03-06 08:06:00,SUCCESS,126.0,3691.83
house1_event_32756,Dishwasher,2015-03-20 19:43:00,2015-03-20 21:03:00,2015-03-20 20:00:00,2015-03-20 21:20:00,SUCCESS,80.0,2552.89
house1_event_32758,Dishwasher,2015-03-21 09:45:00,2015-03-21 11:38:00,2015-03-21 13:00:00,2015-03-21 14:53:00,SUCCESS,113.0,3464.09
house1_event_32760,Dishwasher,2015-03-21 16:58:00,2015-03-21 17:39:00,2015-03-21 20:00:00,2015-03-21 20:41:00,SUCCESS,41.0,1155.31
house1_event_32761,Dishwasher,2015-03-21 17:47:00,2015-03-21 18:04:00,2015-03-21 20:41:00,2015-03-21 20:58:00,SUCCESS,17.0,417.14
house1_event_32762,Dishwasher,2015-03-24 15:23:00,2015-03-24 18:00:00,2015-03-24 15:28:00,2015-03-24 18:05:00,SUCCESS,157.0,4523.9
house1_event_32763,Dishwasher,2015-03-25 08:30:00,2015-03-25 09:25:00,2015-03-25 13:00:00,2015-03-25 13:55:00,SUCCESS,55.0,1542.49
house1_event_32764,Dishwasher,2015-03-25 10:06:00,2015-03-25 11:10:00,2015-03-25 20:00:00,2015-03-25 21:04:00,SUCCESS,64.0,1828.81
house1_event_32766,Dishwasher,2015-03-26 09:27:00,2015-03-26 12:25:00,2015-03-26 13:00:00,2015-03-26 15:58:00,SUCCESS,178.0,4789.99
house1_event_32769,Dishwasher,2015-03-27 08:58:00,2015-03-27 13:46:00,2015-03-27 13:00:00,2015-03-27 17:48:00,SUCCESS,288.0,8391.14
house1_event_32770,Dishwasher,2015-03-28 09:38:00,2015-03-28 11:11:00,2015-03-28 13:00:00,2015-03-28 14:33:00,SUCCESS,93.0,2878.52
house1_event_32771,Dishwasher,2015-03-28 14:50:00,2015-03-28 16:17:00,2015-03-28 14:55:00,2015-03-28 16:22:00,SUCCESS,87.0,2492.23
house1_event_32772,Dishwasher,2015-03-28 18:09:00,2015-03-28 18:49:00,2015-03-28 20:00:00,2015-03-28 20:40:00,SUCCESS,40.0,1154.14
house1_event_32773,Dishwasher,2015-03-28 18:51:00,2015-03-28 19:27:00,2015-03-28 20:40:00,2015-03-28 21:16:00,SUCCESS,36.0,1082.5
house1_event_32774,Dishwasher,2015-03-28 19:42:00,2015-03-28 20:11:00,2015-03-28 21:16:00,2015-03-28 21:45:00,SUCCESS,29.0,886.64
house1_event_32775,Dishwasher,2015-03-29 09:31:00,2015-03-29 10:30:00,2015-03-29 13:00:00,2015-03-29 13:59:00,SUCCESS,59.0,1769.95
house1_event_32776,Dishwasher,2015-03-29 12:07:00,2015-03-29 13:22:00,2015-03-29 14:15:00,2015-03-29 15:30:00,SUCCESS,75.0,2164.47
house1_event_32777,Dishwasher,2015-03-29 15:31:00,2015-03-29 17:22:00,2015-03-29 15:36:00,2015-03-29 17:27:00,SUCCESS,111.0,3153.52
house1_event_32778,Dishwasher,2015-03-29 18:03:00,2015-03-29 19:13:00,2015-03-29 20:00:00,2015-03-29 21:10:00,SUCCESS,70.0,1967.41
house1_event_32779,Dishwasher,2015-03-29 19:18:00,2015-03-29 20:24:00,2015-03-29 22:00:00,2015-03-29 23:06:00,SUCCESS,66.0,1979.27
house1_event_32780,Dishwasher,2015-03-30 09:14:00,2015-03-30 09:40:00,2015-03-30 13:00:00,2015-03-30 13:26:00,SUCCESS,26.0,720.56
house1_event_32781,Dishwasher,2015-03-30 16:29:00,2015-03-30 20:49:00,2015-03-31 13:00:00,2015-03-31 17:20:00,SUCCESS,260.0,7535.84
house1_event_32782,Dishwasher,2015-04-01 19:27:00,2015-04-01 21:17:00,2015-04-01 20:00:00,2015-04-01 21:50:00,SUCCESS,110.0,3234.39
house1_event_32783,Dishwasher,2015-04-02 18:19:00,2015-04-02 21:13:00,2015-04-02 20:00:00,2015-04-02 22:54:00,SUCCESS,174.0,5173.73
house1_event_32784,Dishwasher,2015-04-07 11:49:00,2015-04-07 12:25:00,2015-04-07 13:00:00,2015-04-07 13:36:00,SUCCESS,36.0,1132.19
house1_event_32787,Dishwasher,2015-04-07 16:19:00,2015-04-07 16:53:00,2015-04-07 20:00:00,2015-04-07 20:34:00,SUCCESS,34.0,975.53
house1_event_32788,Dishwasher,2015-04-07 17:01:00,2015-04-07 19:05:00,2015-04-07 17:06:00,2015-04-07 19:10:00,SUCCESS,124.0,3506.72
house1_event_32789,Dishwasher,2015-04-07 22:45:00,2015-04-07 23:07:00,2015-04-08 13:00:00,2015-04-08 13:22:00,SUCCESS,22.0,675.98
house1_event_32790,Dishwasher,2015-04-08 08:47:00,2015-04-08 09:38:00,2015-04-08 13:51:00,2015-04-08 14:42:00,SUCCESS,51.0,1724.32
house1_event_32791,Dishwasher,2015-04-08 17:19:00,2015-04-08 20:52:00,2015-04-09 13:00:00,2015-04-09 16:33:00,SUCCESS,213.0,6458.89
house1_event_32792,Dishwasher,2015-04-09 10:21:00,2015-04-09 10:27:00,2015-04-09 20:47:00,2015-04-09 20:53:00,SUCCESS,6.0,189.3
house1_event_32794,Dishwasher,2015-04-09 16:24:00,2015-04-09 17:11:00,2015-04-09 20:00:00,2015-04-09 20:47:00,SUCCESS,47.0,1339.58
house1_event_32795,Dishwasher,2015-04-09 19:32:00,2015-04-09 20:00:00,2015-04-09 20:53:00,2015-04-09 21:21:00,SUCCESS,28.0,794.03
house1_event_32796,Dishwasher,2015-04-10 17:32:00,2015-04-10 20:44:00,2015-04-10 20:00:00,2015-04-10 23:12:00,SUCCESS,192.0,5440.78
house1_event_32797,Dishwasher,2015-04-10 23:40:00,2015-04-11 00:33:00,2015-04-11 13:00:00,2015-04-11 13:53:00,SUCCESS,53.0,1412.11
house1_event_32798,Dishwasher,2015-04-12 18:08:00,2015-04-12 19:49:00,2015-04-12 20:00:00,2015-04-12 21:41:00,SUCCESS,101.0,2901.03
house1_event_32799,Dishwasher,2015-04-13 19:27:00,2015-04-13 20:34:00,2015-04-13 20:00:00,2015-04-13 21:07:00,SUCCESS,67.0,2015.52
house1_event_32800,Dishwasher,2015-04-14 10:19:00,2015-04-14 11:10:00,2015-04-14 13:00:00,2015-04-14 13:51:00,SUCCESS,51.0,1385.24
house1_event_32801,Dishwasher,2015-04-14 17:18:00,2015-04-14 19:31:00,2015-04-14 20:00:00,2015-04-14 22:13:00,SUCCESS,133.0,3800.04
house1_event_32802,Dishwasher,2015-04-14 19:41:00,2015-04-14 20:37:00,2015-04-15 13:00:00,2015-04-15 13:56:00,SUCCESS,56.0,1533.31
house1_event_32803,Dishwasher,2015-04-14 23:27:00,2015-04-14 23:32:00,2015-04-15 13:00:00,2015-04-15 13:05:00,SUCCESS,5.0,117.77
house1_event_32804,Dishwasher,2015-04-15 09:06:00,2015-04-15 10:49:00,2015-04-15 20:00:00,2015-04-15 21:43:00,SUCCESS,103.0,3091.02
house1_event_32805,Dishwasher,2015-04-15 10:52:00,2015-04-15 11:27:00,2015-04-15 14:43:00,2015-04-15 15:18:00,SUCCESS,35.0,990.41
house1_event_32808,Dishwasher,2015-04-15 17:22:00,2015-04-15 21:04:00,2015-04-16 13:00:00,2015-04-16 16:42:00,SUCCESS,222.0,6571.37
house1_event_32809,Dishwasher,2015-04-15 23:42:00,2015-04-16 00:14:00,2015-04-16 06:00:00,2015-04-16 06:32:00,SUCCESS,32.0,935.18
house1_event_32810,Dishwasher,2015-04-16 10:55:00,2015-04-16 11:24:00,2015-04-16 20:00:00,2015-04-16 20:29:00,SUCCESS,29.0,813.57
house1_event_32811,Dishwasher,2015-04-16 17:03:00,2015-04-16 21:05:00,2015-04-17 13:00:00,2015-04-17 17:02:00,SUCCESS,242.0,6961.13
house1_event_32812,Dishwasher,2015-04-17 09:01:00,2015-04-17 09:23:00,2015-04-17 20:41:00,2015-04-17 21:03:00,SUCCESS,22.0,616.49
house1_event_32813,Dishwasher,2015-04-17 15:17:00,2015-04-17 16:16:00,2015-04-17 15:22:00,2015-04-17 16:21:00,SUCCESS,59.0,1750.82
house1_event_32814,Dishwasher,2015-04-17 16:36:00,2015-04-17 17:17:00,2015-04-17 20:00:00,2015-04-17 20:41:00,SUCCESS,41.0,1169.84
house1_event_32815,Dishwasher,2015-04-17 17:20:00,2015-04-17 17:32:00,2015-04-17 21:03:00,2015-04-17 21:15:00,SUCCESS,12.0,229.0
house1_event_32818,Dishwasher,2015-04-17 19:28:00,2015-04-17 19:33:00,2015-04-17 21:15:00,2015-04-17 21:20:00,SUCCESS,5.0,36.57
house1_event_32829,Dishwasher,2015-04-18 00:57:00,2015-04-18 01:04:00,2015-04-18 13:00:00,2015-04-18 13:07:00,SUCCESS,7.0,339.86
house1_event_32832,Dishwasher,2015-04-18 07:53:00,2015-04-18 08:00:00,2015-04-18 13:44:00,2015-04-18 13:51:00,SUCCESS,7.0,290.15
house1_event_32835,Dishwasher,2015-04-18 09:45:00,2015-04-18 10:29:00,2015-04-18 13:51:00,2015-04-18 14:35:00,SUCCESS,44.0,1394.7
house1_event_32837,Dishwasher,2015-04-18 12:51:00,2015-04-18 12:56:00,2015-04-18 14:35:00,2015-04-18 14:40:00,SUCCESS,5.0,73.12
house1_event_32856,Dishwasher,2015-04-18 15:55:00,2015-04-18 17:47:00,2015-04-18 20:00:00,2015-04-18 21:52:00,SUCCESS,112.0,3285.13
house1_event_32857,Dishwasher,2015-04-18 18:22:00,2015-04-18 18:44:00,2015-04-19 13:00:00,2015-04-19 13:22:00,SUCCESS,22.0,600.0
house1_event_32859,Dishwasher,2015-04-19 17:48:00,2015-04-19 20:36:00,2015-04-19 20:00:00,2015-04-19 22:48:00,SUCCESS,168.0,4869.57
house1_event_32860,Dishwasher,2015-04-19 23:36:00,2015-04-20 00:06:00,2015-04-20 13:00:00,2015-04-20 13:30:00,SUCCESS,30.0,823.62
house1_event_32861,Dishwasher,2015-04-20 17:15:00,2015-04-20 18:24:00,2015-04-20 20:00:00,2015-04-20 21:09:00,SUCCESS,69.0,1894.32
house1_event_32862,Dishwasher,2015-04-20 19:11:00,2015-04-20 19:44:00,2015-04-20 21:09:00,2015-04-20 21:42:00,SUCCESS,33.0,911.07
house1_event_32863,Dishwasher,2015-04-20 22:48:00,2015-04-20 23:15:00,2015-04-21 13:00:00,2015-04-21 13:27:00,SUCCESS,27.0,779.27
house1_event_32864,Dishwasher,2015-04-21 10:02:00,2015-04-21 11:25:00,2015-04-21 14:23:00,2015-04-21 15:46:00,SUCCESS,83.0,2473.9
house1_event_32866,Dishwasher,2015-04-21 16:55:00,2015-04-21 17:31:00,2015-04-21 20:00:00,2015-04-21 20:36:00,SUCCESS,36.0,1091.98
house1_event_32867,Dishwasher,2015-04-21 22:36:00,2015-04-21 23:25:00,2015-04-22 13:00:00,2015-04-22 13:49:00,SUCCESS,49.0,1572.59
house1_event_32868,Dishwasher,2015-04-22 23:54:00,2015-04-23 00:08:00,2015-04-23 13:00:00,2015-04-23 13:14:00,SUCCESS,14.0,408.65
house1_event_32869,Dishwasher,2015-04-23 08:50:00,2015-04-23 09:01:00,2015-04-23 15:25:00,2015-04-23 15:36:00,SUCCESS,11.0,329.49
house1_event_32870,Dishwasher,2015-04-23 09:08:00,2015-04-23 09:59:00,2015-04-23 20:00:00,2015-04-23 20:51:00,SUCCESS,51.0,1525.79
house1_event_32871,Dishwasher,2015-04-23 11:23:00,2015-04-23 13:48:00,2015-04-23 16:00:00,2015-04-23 18:25:00,SUCCESS,145.0,4176.98
house1_event_32872,Dishwasher,2015-04-24 09:24:00,2015-04-24 09:44:00,2015-04-24 13:00:00,2015-04-24 13:20:00,SUCCESS,20.0,669.45
house1_event_32876,Dishwasher,2015-04-24 19:36:00,2015-04-24 23:08:00,2015-04-25 13:00:00,2015-04-25 16:32:00,SUCCESS,212.0,6044.56
house1_event_32884,Dishwasher,2015-04-25 17:10:00,2015-04-25 18:28:00,2015-04-25 20:00:00,2015-04-25 21:18:00,SUCCESS,78.0,2289.88
house1_event_32886,Dishwasher,2015-04-27 11:49:00,2015-04-27 14:41:00,2015-04-27 13:00:00,2015-04-27 15:52:00,SUCCESS,172.0,5339.63
house1_event_32887,Dishwasher,2015-04-27 18:33:00,2015-04-27 20:24:00,2015-04-27 20:00:00,2015-04-27 21:51:00,SUCCESS,111.0,3281.81
house1_event_32889,Dishwasher,2015-04-28 10:02:00,2015-04-28 11:07:00,2015-04-28 13:00:00,2015-04-28 14:05:00,SUCCESS,65.0,1838.62
house1_event_32890,Dishwasher,2015-04-28 16:34:00,2015-04-28 19:04:00,2015-04-28 20:00:00,2015-04-28 22:30:00,SUCCESS,150.0,4269.65
house1_event_32891,Dishwasher,2015-04-28 19:38:00,2015-04-28 20:33:00,2015-04-29 13:00:00,2015-04-29 13:55:00,SUCCESS,55.0,1573.51
house1_event_32893,Dishwasher,2015-04-29 09:13:00,2015-04-29 10:05:00,2015-04-29 13:00:00,2015-04-29 13:52:00,SUCCESS,52.0,1427.37
house1_event_32895,Dishwasher,2015-04-29 23:50:00,2015-04-30 00:06:00,2015-04-30 13:00:00,2015-04-30 13:16:00,SUCCESS,16.0,478.27
house1_event_32896,Dishwasher,2015-04-30 10:09:00,2015-04-30 11:59:00,2015-04-30 10:14:00,2015-04-30 12:04:00,SUCCESS,110.0,3310.99
house1_event_32897,Dishwasher,2015-04-30 17:02:00,2015-04-30 19:03:00,2015-04-30 20:00:00,2015-04-30 22:01:00,SUCCESS,121.0,3405.1
house1_event_32898,Dishwasher,2015-04-30 19:58:00,2015-04-30 20:23:00,2015-05-01 13:00:00,2015-05-01 13:25:00,SUCCESS,25.0,697.1
house1_event_32899,Dishwasher,2015-05-01 09:29:00,2015-05-01 10:09:00,2015-05-01 13:00:00,2015-05-01 13:40:00,SUCCESS,40.0,1248.23
house1_event_32900,Dishwasher,2015-05-01 10:26:00,2015-05-01 11:33:00,2015-05-01 14:07:00,2015-05-01 15:14:00,SUCCESS,67.0,1884.73
house1_event_32904,Dishwasher,2015-05-01 17:37:00,2015-05-01 18:58:00,2015-05-01 20:00:00,2015-05-01 21:21:00,SUCCESS,81.0,2233.75
house1_event_32905,Dishwasher,2015-05-01 19:44:00,2015-05-01 20:04:00,2015-05-01 21:21:00,2015-05-01 21:41:00,SUCCESS,20.0,576.07
house1_event_32906,Dishwasher,2015-05-02 10:07:00,2015-05-02 13:15:00,2015-05-02 13:00:00,2015-05-02 16:08:00,SUCCESS,188.0,5601.5
house1_event_32907,Dishwasher,2015-05-02 17:53:00,2015-05-02 19:11:00,2015-05-02 20:00:00,2015-05-02 21:18:00,SUCCESS,78.0,2299.56
house1_event_32909,Dishwasher,2015-05-03 10:51:00,2015-05-03 12:08:00,2015-05-03 13:00:00,2015-05-03 14:17:00,SUCCESS,77.0,2207.5
house1_event_32912,Dishwasher,2015-05-03 15:53:00,2015-05-03 16:57:00,2015-05-03 15:58:00,2015-05-03 17:02:00,SUCCESS,64.0,1718.7
house1_event_32913,Dishwasher,2015-05-03 18:13:00,2015-05-03 19:14:00,2015-05-03 20:00:00,2015-05-03 21:01:00,SUCCESS,61.0,1759.58
house1_event_32914,Dishwasher,2015-05-03 19:35:00,2015-05-03 19:59:00,2015-05-03 21:01:00,2015-05-03 21:25:00,SUCCESS,24.0,625.98
house1_event_32915,Dishwasher,2015-05-04 16:28:00,2015-05-04 17:25:00,2015-05-04 20:00:00,2015-05-04 20:57:00,SUCCESS,57.0,1704.47
house1_event_32916,Dishwasher,2015-05-04 17:55:00,2015-05-04 18:35:00,2015-05-04 20:57:00,2015-05-04 21:37:00,SUCCESS,40.0,1121.65
house1_event_32917,Dishwasher,2015-05-04 18:43:00,2015-05-04 19:20:00,2015-05-05 13:00:00,2015-05-05 13:37:00,SUCCESS,37.0,1050.71
house1_event_32918,Dishwasher,2015-05-05 09:46:00,2015-05-05 10:59:00,2015-05-05 13:00:00,2015-05-05 14:13:00,SUCCESS,73.0,2142.18
house1_event_32919,Dishwasher,2015-05-05 11:24:00,2015-05-05 13:34:00,2015-05-05 16:00:00,2015-05-05 18:10:00,SUCCESS,130.0,3644.81
house1_event_32921,Dishwasher,2015-05-05 16:25:00,2015-05-05 17:28:00,2015-05-05 20:00:00,2015-05-05 21:03:00,SUCCESS,63.0,1841.22
house1_event_32922,Dishwasher,2015-05-05 18:08:00,2015-05-05 19:16:00,2015-05-05 18:13:00,2015-05-05 19:21:00,SUCCESS,68.0,1861.1
house1_event_32923,Dishwasher,2015-05-05 19:40:00,2015-05-05 20:22:00,2015-05-05 21:08:00,2015-05-05 21:50:00,SUCCESS,42.0,1109.01
house1_event_32924,Dishwasher,2015-05-06 16:33:00,2015-05-06 17:30:00,2015-05-06 20:00:00,2015-05-06 20:57:00,SUCCESS,57.0,1696.47
house1_event_32925,Dishwasher,2015-05-06 17:37:00,2015-05-06 17:42:00,2015-05-06 20:57:00,2015-05-06 21:02:00,SUCCESS,5.0,117.65
house1_event_32927,Dishwasher,2015-05-08 10:51:00,2015-05-08 11:58:00,2015-05-08 13:00:00,2015-05-08 14:07:00,SUCCESS,67.0,2009.11
house1_event_32928,Dishwasher,2015-05-08 17:25:00,2015-05-08 18:37:00,2015-05-08 20:00:00,2015-05-08 21:12:00,SUCCESS,72.0,2115.89
house1_event_32929,Dishwasher,2015-05-08 19:02:00,2015-05-08 19:46:00,2015-05-09 13:00:00,2015-05-09 13:44:00,SUCCESS,44.0,1224.37
house1_event_32931,Dishwasher,2015-05-09 07:38:00,2015-05-09 09:00:00,2015-05-09 13:00:00,2015-05-09 14:22:00,SUCCESS,82.0,2249.09
house1_event_32932,Dishwasher,2015-05-09 10:45:00,2015-05-09 11:18:00,2015-05-09 14:22:00,2015-05-09 14:55:00,SUCCESS,33.0,915.55
house1_event_32933,Dishwasher,2015-05-09 20:43:00,2015-05-09 22:29:00,2015-05-09 20:48:00,2015-05-09 22:34:00,SUCCESS,106.0,3018.14
house1_event_32934,Dishwasher,2015-05-09 23:54:00,2015-05-10 00:48:00,2015-05-10 13:00:00,2015-05-10 13:54:00,SUCCESS,54.0,1603.43
house1_event_32936,Dishwasher,2015-05-10 15:59:00,2015-05-10 18:06:00,2015-05-10 20:00:00,2015-05-10 22:07:00,SUCCESS,127.0,3534.6
house1_event_32937,Dishwasher,2015-05-10 18:32:00,2015-05-10 18:46:00,2015-05-11 13:00:00,2015-05-11 13:14:00,SUCCESS,14.0,352.24
house1_event_32939,Dishwasher,2015-05-10 21:29:00,2015-05-10 22:44:00,2015-05-10 21:34:00,2015-05-10 22:49:00,SUCCESS,75.0,2100.13
house1_event_32940,Dishwasher,2015-05-19 16:42:00,2015-05-19 18:25:00,2015-05-19 20:00:00,2015-05-19 21:43:00,SUCCESS,103.0,2918.07
house1_event_32942,Dishwasher,2015-05-19 23:17:00,2015-05-20 00:35:00,2015-05-20 13:00:00,2015-05-20 14:18:00,SUCCESS,78.0,2186.02
house1_event_32943,Dishwasher,2015-05-20 10:33:00,2015-05-20 11:28:00,2015-05-20 14:18:00,2015-05-20 15:13:00,SUCCESS,55.0,1631.7
house1_event_32947,Dishwasher,2015-05-21 17:09:00,2015-05-21 18:05:00,2015-05-21 20:00:00,2015-05-21 20:56:00,SUCCESS,56.0,1696.52
house1_event_32948,Dishwasher,2015-05-21 19:41:00,2015-05-21 20:09:00,2015-05-21 20:56:00,2015-05-21 21:24:00,SUCCESS,28.0,768.28
house1_event_32949,Dishwasher,2015-05-21 22:51:00,2015-05-21 23:13:00,2015-05-22 13:00:00,2015-05-22 13:22:00,SUCCESS,22.0,625.73
house1_event_32950,Dishwasher,2015-05-22 12:11:00,2015-05-22 13:46:00,2015-05-22 16:00:00,2015-05-22 17:35:00,SUCCESS,95.0,2968.97
house1_event_32952,Dishwasher,2015-05-22 19:55:00,2015-05-22 20:37:00,2015-05-22 20:00:00,2015-05-22 20:42:00,SUCCESS,42.0,1154.48
house1_event_32953,Dishwasher,2015-05-23 17:40:00,2015-05-23 19:17:00,2015-05-23 20:00:00,2015-05-23 21:37:00,SUCCESS,97.0,2926.76
house1_event_32954,Dishwasher,2015-05-23 19:44:00,2015-05-23 20:27:00,2015-05-24 13:00:00,2015-05-24 13:43:00,SUCCESS,43.0,1169.75
house1_event_32955,Dishwasher,2015-05-26 15:18:00,2015-05-26 16:28:00,2015-05-26 15:23:00,2015-05-26 16:33:00,SUCCESS,70.0,1946.7
house1_event_32956,Dishwasher,2015-05-26 17:18:00,2015-05-26 17:28:00,2015-05-26 20:00:00,2015-05-26 20:10:00,SUCCESS,10.0,289.4
house1_event_32957,Dishwasher,2015-05-27 17:44:00,2015-05-27 19:23:00,2015-05-27 20:00:00,2015-05-27 21:39:00,SUCCESS,99.0,2879.61
house1_event_32960,Dishwasher,2015-05-28 19:59:00,2015-05-28 20:43:00,2015-05-28 20:04:00,2015-05-28 20:48:00,SUCCESS,44.0,1301.93
house1_event_32961,Dishwasher,2015-05-29 16:28:00,2015-05-29 17:20:00,2015-05-29 20:00:00,2015-05-29 20:52:00,SUCCESS,52.0,1604.76
house1_event_32962,Dishwasher,2015-05-31 17:35:00,2015-05-31 18:08:00,2015-05-31 20:00:00,2015-05-31 20:33:00,SUCCESS,33.0,999.28
house1_event_32963,Dishwasher,2015-05-31 19:29:00,2015-05-31 20:05:00,2015-05-31 20:36:00,2015-05-31 21:12:00,SUCCESS,36.0,1027.51
house1_event_32964,Dishwasher,2015-06-01 10:31:00,2015-06-01 10:54:00,2015-06-01 13:00:00,2015-06-01 13:23:00,SUCCESS,23.0,659.24
house1_event_32965,Dishwasher,2015-06-01 17:27:00,2015-06-01 18:57:00,2015-06-01 20:00:00,2015-06-01 21:30:00,SUCCESS,90.0,2620.47
house1_event_32967,Dishwasher,2015-06-02 09:43:00,2015-06-02 10:45:00,2015-06-02 13:00:00,2015-06-02 14:02:00,SUCCESS,62.0,1803.03
house1_event_32968,Dishwasher,2015-06-02 11:26:00,2015-06-02 12:15:00,2015-06-02 14:02:00,2015-06-02 14:51:00,SUCCESS,49.0,1410.34
house1_event_32969,Dishwasher,2015-06-02 15:28:00,2015-06-02 16:12:00,2015-06-02 15:33:00,2015-06-02 16:17:00,SUCCESS,44.0,1293.93
house1_event_32971,Dishwasher,2015-06-04 09:59:00,2015-06-04 10:59:00,2015-06-04 13:00:00,2015-06-04 14:00:00,SUCCESS,60.0,1838.12
house1_event_32972,Dishwasher,2015-06-05 10:15:00,2015-06-05 11:16:00,2015-06-05 13:00:00,2015-06-05 14:01:00,SUCCESS,61.0,1793.77
house1_event_32973,Dishwasher,2015-06-05 17:25:00,2015-06-05 18:24:00,2015-06-05 20:00:00,2015-06-05 20:59:00,SUCCESS,59.0,1799.29
house1_event_32975,Dishwasher,2015-06-06 23:46:00,2015-06-07 00:15:00,2015-06-07 13:00:00,2015-06-07 13:29:00,SUCCESS,29.0,881.25
house1_event_32976,Dishwasher,2015-06-07 18:35:00,2015-06-07 19:16:00,2015-06-07 20:00:00,2015-06-07 20:41:00,SUCCESS,41.0,1214.07
house1_event_32978,Dishwasher,2015-06-08 10:50:00,2015-06-08 12:00:00,2015-06-08 13:00:00,2015-06-08 14:10:00,SUCCESS,70.0,2116.17
house1_event_32979,Dishwasher,2015-06-08 16:05:00,2015-06-08 16:58:00,2015-06-08 20:00:00,2015-06-08 20:53:00,SUCCESS,53.0,1549.78
house1_event_32980,Dishwasher,2015-06-08 17:46:00,2015-06-08 19:25:00,2015-06-08 17:51:00,2015-06-08 19:30:00,SUCCESS,99.0,2817.8
house1_event_32981,Dishwasher,2015-06-08 19:33:00,2015-06-08 20:27:00,2015-06-09 13:00:00,2015-06-09 13:54:00,SUCCESS,54.0,1529.94
house1_event_32982,Dishwasher,2015-06-08 23:15:00,2015-06-09 00:01:00,2015-06-09 13:00:00,2015-06-09 13:46:00,SUCCESS,46.0,1373.5
house1_event_32983,Dishwasher,2015-06-09 14:10:00,2015-06-09 16:54:00,2015-06-09 14:15:00,2015-06-09 16:59:00,SUCCESS,164.0,4995.44
house1_event_32984,Dishwasher,2015-06-09 17:24:00,2015-06-09 18:05:00,2015-06-09 20:00:00,2015-06-09 20:41:00,SUCCESS,41.0,1163.37
house1_event_32986,Dishwasher,2015-06-28 23:59:00,2015-06-29 00:23:00,2015-06-29 13:00:00,2015-06-29 13:24:00,SUCCESS,24.0,869.54
house1_event_32987,Dishwasher,2015-06-29 09:40:00,2015-06-29 10:23:00,2015-06-29 13:43:00,2015-06-29 14:26:00,SUCCESS,43.0,1319.22
house1_event_32988,Dishwasher,2015-06-29 18:09:00,2015-06-29 19:12:00,2015-06-29 20:00:00,2015-06-29 21:03:00,SUCCESS,63.0,1865.37
house1_event_32989,Dishwasher,2015-06-29 19:43:00,2015-06-29 20:03:00,2015-06-29 21:03:00,2015-06-29 21:23:00,SUCCESS,20.0,645.46
house1_event_32990,Dishwasher,2015-06-29 23:50:00,2015-06-30 00:18:00,2015-06-30 13:00:00,2015-06-30 13:28:00,SUCCESS,28.0,875.18
house1_event_32991,Dishwasher,2015-07-01 09:07:00,2015-07-01 09:57:00,2015-07-01 13:00:00,2015-07-01 13:50:00,SUCCESS,50.0,1578.86
house1_event_32992,Dishwasher,2015-07-01 10:04:00,2015-07-01 14:40:00,2015-07-02 06:00:00,2015-07-02 10:36:00,SUCCESS,276.0,6909.66
house1_event_32993,Dishwasher,2015-07-01 15:42:00,2015-07-01 17:26:00,2015-07-01 20:00:00,2015-07-01 21:44:00,SUCCESS,104.0,2818.68
house1_event_32994,Dishwasher,2015-07-01 23:24:00,2015-07-02 00:00:00,2015-07-02 13:00:00,2015-07-02 13:36:00,SUCCESS,36.0,1133.29
house1_event_32995,Dishwasher,2015-07-02 09:45:00,2015-07-02 10:23:00,2015-07-02 13:38:00,2015-07-02 14:16:00,SUCCESS,38.0,1076.59
house1_event_32996,Dishwasher,2015-07-02 10:53:00,2015-07-02 11:11:00,2015-07-02 14:16:00,2015-07-02 14:34:00,SUCCESS,18.0,549.15
house1_event_32997,Dishwasher,2015-07-02 16:59:00,2015-07-02 18:30:00,2015-07-02 20:00:00,2015-07-02 21:31:00,SUCCESS,91.0,2532.74
house1_event_32999,Dishwasher,2015-07-02 23:48:00,2015-07-03 00:18:00,2015-07-03 13:00:00,2015-07-03 13:30:00,SUCCESS,30.0,946.45
house1_event_33001,Dishwasher,2015-07-03 15:55:00,2015-07-03 16:54:00,2015-07-03 20:00:00,2015-07-03 20:59:00,SUCCESS,59.0,1742.94
house1_event_33002,Dishwasher,2015-07-03 17:19:00,2015-07-03 19:42:00,2015-07-03 17:24:00,2015-07-03 19:47:00,SUCCESS,143.0,4201.65
house1_event_33003,Dishwasher,2015-07-04 09:39:00,2015-07-04 10:22:00,2015-07-04 13:00:00,2015-07-04 13:43:00,SUCCESS,43.0,1225.58
house1_event_33006,Dishwasher,2015-07-05 00:20:00,2015-07-05 00:25:00,2015-07-05 13:00:00,2015-07-05 13:05:00,SUCCESS,5.0,192.54
house1_event_33007,Dishwasher,2015-07-05 16:00:00,2015-07-05 16:30:00,2015-07-05 20:00:00,2015-07-05 20:30:00,SUCCESS,30.0,833.21
house1_event_33008,Dishwasher,2015-07-06 00:23:00,2015-07-06 00:43:00,2015-07-06 13:00:00,2015-07-06 13:20:00,SUCCESS,20.0,705.76
house1_event_33009,Dishwasher,2015-07-06 17:26:00,2015-07-06 19:05:00,2015-07-06 20:00:00,2015-07-06 21:39:00,SUCCESS,99.0,2880.7
house1_event_33010,Dishwasher,2015-07-06 19:44:00,2015-07-06 20:41:00,2015-07-07 13:00:00,2015-07-07 13:57:00,SUCCESS,57.0,1669.02
house1_event_33012,Dishwasher,2015-07-07 18:32:00,2015-07-07 19:06:00,2015-07-07 20:00:00,2015-07-07 20:34:00,SUCCESS,34.0,1051.89
house1_event_33014,Dishwasher,2015-07-08 12:16:00,2015-07-08 13:19:00,2015-07-08 13:00:00,2015-07-08 14:03:00,SUCCESS,63.0,1822.64
house1_event_33015,Dishwasher,2015-07-08 19:41:00,2015-07-08 21:11:00,2015-07-08 20:00:00,2015-07-08 21:30:00,SUCCESS,90.0,2696.36
house1_event_33016,Dishwasher,2015-07-08 21:22:00,2015-07-08 23:16:00,2015-07-09 06:00:00,2015-07-09 07:54:00,SUCCESS,114.0,3642.35
house1_event_33017,Dishwasher,2015-07-09 21:13:00,2015-07-09 23:30:00,2015-07-10 13:00:00,2015-07-10 15:17:00,SUCCESS,137.0,4266.33
house1_event_33018,Dishwasher,2015-07-09 23:59:00,2015-07-10 00:10:00,2015-07-10 06:00:00,2015-07-10 06:11:00,SUCCESS,11.0,275.47
